11 0.46328125 0.4875 0.9265625 0.975
10 0.14609375 0.25859375 0.2921875 0.4265625
10 0.1921875 0.79609375 0.384375 0.2921875
10 0.4859375 0.0640625 0.5125 0.128125
61 0.409375 0.22578125 0.359375 0.340625
61 0.52265625 0.15859375 0.1640625 0.178125
61 0.665625 0.265625 0.290625 0.3109375
61 0.80078125 0.546875 0.2453125 0.4828125
61 0.0859375 0.55234375 0.171875 0.2359375
61 0.234375 0.49296875 0.23125 0.209375
61 0.21953125 0.6859375 0.2296875 0.2421875
61 0.5609375 0.409375 0.33125 0.2046875
61 0.46640625 0.57734375 0.3640625 0.278125