11 0.49787499999999996 0.495109375 0.6534375000000001 0.49803125000000004
10 0.4609375 0.546875 0.278125 0.2109375
10 0.6703125 0.63359375 0.19375 0.134375
10 0.21171875 0.56171875 0.0671875 0.125
61 0.26953125 0.45 0.1171875 0.1796875
10 0.49765625 0.31875 0.2578125 0.0703125
61 0.384375 0.40546875 0.134375 0.153125
61 0.48046875 0.390625 0.1671875 0.1359375
61 0.57734375 0.38671875 0.1609375 0.153125
61 0.66015625 0.39765625 0.1890625 0.14375
61 0.70234375 0.425 0.2390625 0.1203125
61 0.7265625 0.47578125 0.28125 0.09375
61 0.71640625 0.559375 0.3109375 0.1390625