11 0.523953125 0.50840625 0.79103125 0.6177499999999999
10 0.24765625 0.7125 0.2015625 0.2921875
10 0.728125 0.62578125 0.434375 0.46875
61 0.79453125 0.34375 0.1953125 0.2421875
61 0.62890625 0.27421875 0.2703125 0.171875
61 0.665625 0.3515625 0.171875 0.1171875
61 0.5078125 0.296875 0.171875 0.1734375
61 0.44921875 0.25703125 0.2953125 0.184375
61 0.3546875 0.45625 0.43125 0.3109375
61 0.35859375 0.4703125 0.2015625 0.3296875
61 0.3578125 0.7125 0.15 0.2328125
61 0.46328125 0.68671875 0.2171875 0.190625