11 0.4999062499999999 0.51234375 0.60815625 0.5726093750000001
10 0.4796875 0.57265625 0.1125 0.2453125
10 0.58984375 0.74453125 0.2109375 0.1203125
10 0.7671875 0.50703125 0.08125 0.1109375
10 0.63046875 0.35234375 0.1515625 0.1484375
10 0.45 0.33984375 0.071875 0.0765625
61 0.4890625 0.7375 0.134375 0.13125
61 0.37421875 0.65546875 0.1578125 0.2328125
61 0.33203125 0.54453125 0.2640625 0.1984375
61 0.3328125 0.44765625 0.253125 0.1609375
61 0.35078125 0.37734375 0.1734375 0.1296875
61 0.33515625 0.28671875 0.2171875 0.0796875