12 0.50996875 0.500609375 0.68984375 0.41017187499999996
16 0.44296875 0.4265625 0.190625 0.1125
16 0.42109375 0.5890625 0.171875 0.171875
10 0.75234375 0.53671875 0.2125 0.3390625
16 0.62109375 0.49609375 0.10625 0.1765625
10 0.27265625 0.52421875 0.1875 0.1921875
67 0.4140625 0.50078125 0.1515625 0.1171875
67 0.5203125 0.5140625 0.1546875 0.215625
55 0.60859375 0.5890625 0.11875 0.259375
55 0.58515625 0.6546875 0.31875 0.128125
55 0.31875 0.59609375 0.2609375 0.2265625
55 0.43203125 0.56484375 0.265625 0.0546875