12 0.495421875 0.5082187499999999 0.746671875 0.5942656249999999
16 0.43515625 0.39296875 0.275 0.2046875
16 0.46015625 0.521875 0.178125 0.18125
10 0.6828125 0.4203125 0.1796875 0.209375
10 0.2765625 0.57265625 0.2265625 0.3546875
10 0.4515625 0.67265625 0.4859375 0.1640625
67 0.665625 0.4625 0.1296875 0.096875
67 0.67734375 0.540625 0.125 0.115625
67 0.55859375 0.446875 0.125 0.103125
67 0.5625 0.5296875 0.0984375 0.090625
55 0.78828125 0.4921875 0.1 0.2
55 0.47265625 0.27421875 0.103125 0.1328125
55 0.32109375 0.3140625 0.171875 0.10625