12 0.511140625 0.5048125000000001 0.8716406250000002 0.593375
16 0.5546875 0.50390625 0.2 0.1953125
16 0.45625 0.4046875 0.175 0.14375
16 0.47265625 0.33828125 0.1328125 0.1109375
16 0.609375 0.3875 0.134375 0.146875
10 0.38828125 0.4828125 0.2734375 0.271875
10 0.78046875 0.5328125 0.3296875 0.184375
10 0.17109375 0.5609375 0.1828125 0.25
65 0.69921875 0.65390625 0.2921875 0.1359375
65 0.2984375 0.61328125 0.146875 0.1609375
65 0.22421875 0.43671875 0.1640625 0.1078125
55 0.525 0.653125 0.0875 0.115625