12 0.5046875 0.521875 0.9625 0.95625
16 0.46171875 0.41875 0.278125 0.2859375
16 0.63828125 0.3375 0.25625 0.2296875
16 0.6015625 0.56953125 0.2765625 0.315625
10 0.3171875 0.7609375 0.4890625 0.4546875
10 0.4203125 0.1421875 0.615625 0.284375
10 0.2375 0.5484375 0.3640625 0.7953125
67 0.75390625 0.22109375 0.159375 0.1625
67 0.86796875 0.33515625 0.159375 0.171875
67 0.78203125 0.3984375 0.121875 0.2046875
67 0.8921875 0.4609375 0.1609375 0.1421875
67 0.91953125 0.59296875 0.1609375 0.1640625
67 0.803125 0.553125 0.1984375 0.1640625
10 0.78984375 0.78125 0.23125 0.2484375