12 0.48420312499999996 0.520140625 0.7782031249999999 0.5954062499999999
16 0.42421875 0.603125 0.28125 0.215625
16 0.4515625 0.4796875 0.1703125 0.18125
10 0.44921875 0.33984375 0.490625 0.1234375
10 0.25625 0.509375 0.1890625 0.30625
10 0.66953125 0.64609375 0.1875 0.1171875
67 0.6765625 0.45078125 0.1234375 0.1234375
67 0.65625 0.540625 0.1421875 0.1
67 0.56328125 0.46328125 0.09375 0.0953125
67 0.55625 0.55390625 0.1140625 0.0984375
55 0.78515625 0.50546875 0.10625 0.1984375
55 0.46484375 0.7234375 0.09375 0.14375
55 0.3234375 0.68359375 0.1921875 0.1421875