12 0.49121875 0.5086875 0.601625 0.49035937500000004
16 0.48125 0.42421875 0.215625 0.140625
16 0.55078125 0.53046875 0.1296875 0.16875
16 0.66796875 0.50390625 0.1328125 0.121875
10 0.52265625 0.32890625 0.4140625 0.165625
10 0.23671875 0.6296875 0.1359375 0.1421875
10 0.7 0.56171875 0.146875 0.121875
67 0.3265625 0.5453125 0.134375 0.1234375
67 0.42578125 0.521875 0.1109375 0.0890625
67 0.47265625 0.61015625 0.1234375 0.109375
67 0.36953125 0.659375 0.1578125 0.1328125
67 0.509375 0.69765625 0.15625 0.103125
67 0.5984375 0.64375 0.1625 0.0921875