12 0.504828125 0.50221875 0.7924843749999999 0.7544531250000001
16 0.3875 0.40390625 0.2734375 0.2515625
16 0.2046875 0.578125 0.2453125 0.240625
16 0.3890625 0.56484375 0.3109375 0.2921875
10 0.28828125 0.79140625 0.334375 0.2328125
67 0.72421875 0.3578125 0.18125 0.165625
67 0.6 0.43203125 0.1953125 0.1640625
67 0.64765625 0.54375 0.16875 0.146875
67 0.7234375 0.6109375 0.1578125 0.13125
67 0.56171875 0.61796875 0.165625 0.1828125
67 0.621875 0.73125 0.1578125 0.15
67 0.48515625 0.8234375 0.16875 0.125