12 0.500375 0.49182812499999995 0.5302031249999999 0.48120312500000006
16 0.621875 0.36484375 0.19375 0.146875
16 0.62265625 0.46484375 0.2140625 0.21875
10 0.3234375 0.503125 0.203125 0.2546875
10 0.61015625 0.65703125 0.3765625 0.178125
67 0.2859375 0.36328125 0.096875 0.115625
67 0.36875 0.39765625 0.125 0.1375
67 0.36328125 0.325 0.1109375 0.0890625
67 0.43671875 0.37109375 0.0765625 0.103125
67 0.5 0.3640625 0.090625 0.1046875
67 0.45390625 0.296875 0.1515625 0.1015625
16 0.4375 0.4546875 0.140625 0.1015625