12 0.5058906249999999 0.517703125 0.8914687499999999 0.5880156249999999
16 0.64296875 0.4375 0.2078125 0.2515625
16 0.4765625 0.6453125 0.371875 0.2328125
16 0.41171875 0.40625 0.2359375 0.2328125
16 0.5515625 0.3375 0.2875 0.2296875
16 0.79453125 0.67734375 0.1984375 0.196875
16 0.27734375 0.375 0.1765625 0.1859375
16 0.29609375 0.53046875 0.1984375 0.115625
10 0.36796875 0.7015625 0.3453125 0.2171875
16 0.83828125 0.396875 0.1953125 0.1796875
16 0.7203125 0.5375 0.115625 0.1390625
16 0.596875 0.57734375 0.175 0.153125