12 0.52046875 0.51575 0.9590624999999999 0.634
16 0.5734375 0.50703125 0.16875 0.1765625
16 0.45390625 0.39609375 0.1640625 0.1109375
10 0.39609375 0.47734375 0.2390625 0.2234375
10 0.190625 0.56640625 0.11875 0.1984375
10 0.79921875 0.55 0.3234375 0.16875
65 0.70078125 0.65 0.2890625 0.128125
65 0.225 0.434375 0.1625 0.10625
65 0.30234375 0.61484375 0.1453125 0.1703125
16 0.47109375 0.33671875 0.1234375 0.1171875
16 0.6046875 0.3890625 0.134375 0.128125
55 0.51796875 0.64921875 0.0890625 0.1078125