12 0.484671875 0.49332812499999995 0.79434375 0.523640625
16 0.32734375 0.4703125 0.1828125 0.0984375
16 0.41953125 0.39765625 0.1359375 0.16875
16 0.54453125 0.36328125 0.0921875 0.1
16 0.61875 0.4359375 0.171875 0.1296875
10 0.4890625 0.67890625 0.6375 0.19375
10 0.2546875 0.56484375 0.190625 0.346875
10 0.72734375 0.46875 0.1921875 0.3140625
67 0.37890625 0.528125 0.2046875 0.1546875
67 0.47890625 0.584375 0.1046875 0.1484375
67 0.5703125 0.584375 0.15 0.1609375
67 0.63125 0.53984375 0.121875 0.134375
10 0.30625 0.37734375 0.159375 0.115625