12 0.510484375 0.5245468750000001 0.7318906249999999 0.6385937500000001
16 0.621875 0.38046875 0.1328125 0.2015625
10 0.75859375 0.45234375 0.2 0.4328125
10 0.5859375 0.478125 0.5265625 0.115625
16 0.46484375 0.28359375 0.20625 0.0609375
16 0.43671875 0.35703125 0.2375 0.0921875
67 0.37578125 0.5421875 0.1125 0.10625
67 0.45546875 0.54921875 0.08125 0.0890625
67 0.38671875 0.609375 0.10625 0.084375
67 0.43359375 0.6578125 0.153125 0.11875
67 0.53125 0.615625 0.1359375 0.215625
67 0.5984375 0.56640625 0.1328125 0.0953125