12 0.49946875 0.5083593750000001 0.9973750000000001 0.8057812500000001
16 0.38828125 0.21171875 0.1453125 0.259375
16 0.51171875 0.225 0.1859375 0.2109375
16 0.43046875 0.4125 0.2609375 0.2046875
16 0.540625 0.5875 0.271875 0.2109375
16 0.7609375 0.51953125 0.303125 0.225
16 0.6890625 0.359375 0.259375 0.1953125
10 0.64765625 0.18203125 0.3796875 0.284375
10 0.47265625 0.77109375 0.3515625 0.234375
55 0.08984375 0.4515625 0.1796875 0.228125
55 0.2359375 0.6078125 0.36875 0.3703125
55 0.29921875 0.821875 0.2703125 0.1890625