12 0.478609375 0.5255 0.7817031250000002 0.7801562500000001
16 0.42265625 0.37578125 0.284375 0.2515625
16 0.36875 0.55078125 0.3265625 0.2046875
16 0.18828125 0.48359375 0.2125 0.2234375
10 0.26015625 0.7125 0.35625 0.24375
67 0.76171875 0.4421875 0.15625 0.18125
67 0.60859375 0.46796875 0.19375 0.1703125
67 0.5109375 0.63359375 0.1609375 0.1734375
67 0.6171875 0.58515625 0.1515625 0.1609375
67 0.6765625 0.6625 0.1515625 0.18125
67 0.5421875 0.76171875 0.1828125 0.1328125
67 0.37421875 0.79140625 0.1875 0.1171875
67 0.74609375 0.58828125 0.1625 0.1890625