13 0.49660937499999996 0.511515625 0.723625 0.5425156250000001
63 0.20234375 0.45625 0.146875 0.1
10 0.35234375 0.59765625 0.446875 0.3328125
34 0.78046875 0.471875 0.103125 0.1125
34 0.72265625 0.453125 0.084375 0.10625
34 0.7734375 0.3984375 0.0953125 0.084375
34 0.765625 0.33984375 0.0890625 0.0796875
34 0.6453125 0.371875 0.0671875 0.078125
34 0.7125 0.3046875 0.1265625 0.11875
34 0.70859375 0.38125 0.08125 0.0875
23 0.6203125 0.27421875 0.1234375 0.1421875
35 0.521875 0.2703125 0.1015625 0.11875
22 0.390625 0.29140625 0.2265625 0.1390625
63 0.23125 0.4 0.1640625 0.103125
63 0.27265625 0.3484375 0.15 0.11875