13 0.5 0.5 1 1
34 0.90546875 0.4859375 0.1890625 0.26875
34 0.903125 0.7 0.19375 0.26875
34 0.90625 0.90078125 0.1875 0.1984375
63 0.065625 0.65390625 0.13125 0.2390625
10 0.1640625 0.30078125 0.328125 0.5421875
23 0.37578125 0.19609375 0.2671875 0.3453125
23 0.54375 0.1875 0.240625 0.375
23 0.66796875 0.1921875 0.1359375 0.384375
23 0.7859375 0.1703125 0.184375 0.340625
23 0.825 0.2328125 0.35 0.4375
63 0.1046875 0.775 0.209375 0.23125
63 0.103125 0.87890625 0.20625 0.2421875
63 0.21796875 0.88828125 0.2078125 0.2234375
63 0.353125 0.89765625 0.1625 0.2046875