13 0.5 0.50546875 1 0.9890625
10 0.053125 0.58671875 0.10625 0.4890625
10 0.11015625 0.834375 0.2203125 0.221875
10 0.2859375 0.9296875 0.278125 0.140625
10 0.60703125 0.95234375 0.4546875 0.0953125
10 0.88984375 0.8671875 0.2203125 0.221875
10 0.9609375 0.7171875 0.078125 0.15625
10 0.9203125 0.22265625 0.159375 0.2515625
10 0.79453125 0.08046875 0.203125 0.15625
10 0.54765625 0.025 0.3703125 0.05
10 0.253125 0.05859375 0.259375 0.1171875
10 0.1125 0.140625 0.2109375 0.1421875
10 0.0609375 0.2484375 0.121875 0.221875
63 0.21796875 0.7109375 0.384375 0.4421875
34 0.62421875 0.7078125 0.7515625 0.584375
35 0.809375 0.3015625 0.38125 0.403125
22 0.4140625 0.12109375 0.2765625 0.240625