13 0.5 0.5046875 1 0.990625
34 0.53671875 0.2125 0.2234375 0.2046875
34 0.2515625 0.29140625 0.215625 0.184375
34 0.2796875 0.43828125 0.2 0.2
34 0.2875 0.60390625 0.184375 0.175
34 0.44296875 0.60078125 0.1953125 0.23125
34 0.6 0.62109375 0.203125 0.19375
34 0.71328125 0.428125 0.1984375 0.1703125
34 0.75390625 0.62578125 0.2046875 0.25625
63 0.5921875 0.8640625 0.365625 0.271875
10 0.76796875 0.39609375 0.4640625 0.7921875
22 0.1296875 0.4609375 0.259375 0.39375
22 0.3515625 0.77890625 0.559375 0.328125
63 0.6953125 0.82421875 0.4 0.2875
63 0.79609375 0.81015625 0.2921875 0.25
63 0.89375 0.80859375 0.2125 0.2234375
34 0.59921875 0.48984375 0.1953125 0.16875
34 0.3296875 0.34921875 0.1875 0.134375
34 0.53515625 0.34921875 0.1859375 0.175
34 0.44296875 0.42265625 0.1859375 0.228125