13 0.5158125 0.515390625 0.885546875 0.8042187500000001
10 0.2875 0.52578125 0.4359375 0.553125
35 0.66484375 0.41953125 0.1 0.096875
35 0.74375 0.41796875 0.1046875 0.0875
35 0.8015625 0.446875 0.0890625 0.1203125
35 0.734375 0.4953125 0.1046875 0.1265625
35 0.70078125 0.5484375 0.0875 0.0703125
35 0.66484375 0.496875 0.090625 0.1078125
63 0.8390625 0.46171875 0.2140625 0.328125
63 0.5 0.72890625 0.5578125 0.4375
34 0.56875 0.809375 0.0015625 0.0015625
22 0.7890625 0.6828125 0.2734375 0.2359375