13 0.5 0.51015625 1 0.9796875
35 0.38046875 0.6296875 0.434375 0.3953125
10 0.23359375 0.7890625 0.4671875 0.421875
63 0.33671875 0.13125 0.2296875 0.2625
22 0.5734375 0.8609375 0.40625 0.278125
22 0.77578125 0.71171875 0.4484375 0.4515625
22 0.8703125 0.92890625 0.259375 0.1421875
34 0.44375 0.22890625 0.1796875 0.228125
34 0.54140625 0.25234375 0.146875 0.178125
34 0.60625 0.3046875 0.2109375 0.1546875
34 0.684375 0.4140625 0.3640625 0.2828125
63 0.4140625 0.11171875 0.2125 0.2234375
63 0.51640625 0.11640625 0.1953125 0.2328125
63 0.646875 0.15078125 0.1953125 0.259375
63 0.74609375 0.20625 0.209375 0.3140625
63 0.86796875 0.265625 0.2125 0.2703125
63 0.896875 0.371875 0.20625 0.30625