13 0.5 0.5265625 1 0.85
34 0.5890625 0.4703125 0.1765625 0.203125
34 0.453125 0.4296875 0.1796875 0.171875
34 0.36171875 0.371875 0.178125 0.1875
34 0.28984375 0.4203125 0.134375 0.125
34 0.35859375 0.5109375 0.134375 0.153125
34 0.47890625 0.56640625 0.215625 0.1703125
34 0.3859375 0.64375 0.2140625 0.175
34 0.23828125 0.55625 0.20625 0.221875
63 0.49296875 0.77265625 0.2375 0.2140625
10 0.73125 0.42109375 0.5375 0.6234375
22 0.08671875 0.6140625 0.15625 0.175
22 0.175 0.74453125 0.2640625 0.2515625
22 0.35234375 0.81484375 0.315625 0.2015625
63 0.60390625 0.73828125 0.278125 0.1859375
63 0.6484375 0.69375 0.3140625 0.234375