13 0.5 0.521875 0.915625 0.95625
34 0.51640625 0.88984375 0.1296875 0.1171875
10 0.3375 0.4875 0.478125 0.384375
10 0.61953125 0.490625 0.1046875 0.109375
22 0.6671875 0.275 0.209375 0.353125
63 0.3953125 0.17109375 0.1 0.1515625
34 0.5703125 0.9140625 0.125 0.11875
34 0.66171875 0.8828125 0.1359375 0.140625
34 0.50078125 0.79921875 0.1328125 0.1171875
34 0.60078125 0.796875 0.1046875 0.121875
34 0.703125 0.78828125 0.121875 0.1140625
34 0.78828125 0.7234375 0.1140625 0.13125
34 0.7078125 0.72265625 0.115625 0.1109375
34 0.5109375 0.715625 0.134375 0.1
34 0.60546875 0.671875 0.1265625 0.109375
34 0.521875 0.62421875 0.1375 0.1390625
34 0.56875 0.5390625 0.134375 0.11875
63 0.4109375 0.0890625 0.16875 0.08125
63 0.47578125 0.1703125 0.1046875 0.16875
63 0.5640625 0.26015625 0.178125 0.1578125
63 0.57578125 0.13671875 0.1453125 0.1546875
22 0.78203125 0.334375 0.3015625 0.303125
35 0.74921875 0.5515625 0.3546875 0.359375
23 0.4078125 0.32265625 0.34375 0.1484375