13 0.5 0.5109375 1 0.978125
63 0.29921875 0.5921875 0.2875 0.3953125
63 0.36796875 0.44140625 0.196875 0.24375
63 0.528125 0.65625 0.2578125 0.2265625
63 0.55234375 0.48046875 0.275 0.259375
34 0.05546875 0.43359375 0.1109375 0.1828125
34 0.08984375 0.56875 0.1796875 0.153125
34 0.153125 0.4453125 0.1640625 0.1828125
34 0.14609375 0.1890625 0.190625 0.1609375
34 0.12578125 0.2984375 0.146875 0.1546875
34 0.2359375 0.12578125 0.1859375 0.15625
34 0.43046875 0.075 0.1703125 0.15
22 0.54765625 0.24140625 0.2125 0.3
22 0.32109375 0.28671875 0.303125 0.24375
10 0.18984375 0.71640625 0.296875 0.328125
10 0.48984375 0.80546875 0.409375 0.375
10 0.740625 0.659375 0.3578125 0.6328125