13 0.51878125 0.49628125 0.76171875 0.586875
22 0.75625 0.38828125 0.2125 0.2203125
34 0.5234375 0.7375 0.15 0.125
63 0.53984375 0.43984375 0.3421875 0.2984375
35 0.59375 0.22578125 0.1125 0.1078125
35 0.64375 0.303125 0.109375 0.103125
35 0.7 0.27578125 0.1 0.0921875
35 0.5453125 0.26796875 0.084375 0.0765625
34 0.51171875 0.64140625 0.1015625 0.1265625
34 0.584375 0.62890625 0.1125 0.1484375
34 0.65078125 0.6765625 0.1234375 0.1375
34 0.67109375 0.56875 0.1203125 0.146875
34 0.7390625 0.60625 0.140625 0.15625