13 0.5 0.5359375 1 0.83125
34 0.71484375 0.8671875 0.2625 0.1703125
34 0.8 0.69609375 0.2390625 0.21875
34 0.87734375 0.77734375 0.2453125 0.2796875
34 0.87421875 0.53828125 0.19375 0.2375
34 0.94375 0.6140625 0.1125 0.2375
10 0.2890625 0.715625 0.578125 0.471875
10 0.81015625 0.2828125 0.25 0.3609375
10 0.55625 0.29375 0.1203125 0.0984375
35 0.5671875 0.4328125 0.1546875 0.2046875
35 0.5609375 0.6078125 0.1953125 0.2015625
22 0.64609375 0.3375 0.121875 0.1359375
22 0.7078125 0.44453125 0.1546875 0.1125
22 0.746875 0.4984375 0.1890625 0.1046875
63 0.6171875 0.2171875 0.1328125 0.1421875
63 0.68203125 0.1171875 0.159375 0.1359375
63 0.7796875 0.1453125 0.1234375 0.1328125
63 0.7203125 0.2703125 0.1546875 0.1640625
63 0.75234375 0.38671875 0.1625 0.14375
63 0.83359375 0.240625 0.203125 0.2609375
22 0.975 0.39296875 0.05 0.2703125
22 0.93984375 0.39140625 0.1203125 0.2640625
22 0.9 0.4234375 0.2 0.175
34 0.63828125 0.821875 0.234375 0.2546875