13 0.5 0.5 1 1
10 0.7640625 0.32421875 0.471875 0.6484375
34 0.26015625 0.77578125 0.203125 0.21875
34 0.3953125 0.76875 0.1765625 0.2140625
34 0.603125 0.94609375 0.159375 0.1078125
34 0.61484375 0.121875 0.196875 0.1953125
34 0.64140625 0.24296875 0.284375 0.221875
22 0.14453125 0.81484375 0.2890625 0.3703125
22 0.31953125 0.91328125 0.2421875 0.1734375
63 0.86640625 0.71640625 0.2671875 0.5234375
63 0.6859375 0.6234375 0.5671875 0.6984375
63 0.3046875 0.4375 0.5421875 0.6109375
22 0.50625 0.9328125 0.51875 0.134375