13 0.5 0.5 1 1
35 0.61171875 0.5453125 0.7765625 0.60625
10 0.5359375 0.3171875 0.928125 0.634375
22 0.0625 0.42734375 0.125 0.2078125
22 0.05546875 0.5375 0.1109375 0.125
22 0.1296875 0.62265625 0.1734375 0.18125
22 0.2390625 0.69609375 0.1515625 0.16875
22 0.3390625 0.76875 0.2109375 0.1609375
22 0.60234375 0.8546875 0.5125 0.2421875
22 0.596875 0.9171875 0.6875 0.165625
22 0.178125 0.8515625 0.35625 0.246875
22 0.10390625 0.678125 0.2078125 0.365625
63 0.0484375 0.271875 0.096875 0.228125
63 0.08984375 0.1640625 0.1796875 0.259375
63 0.87109375 0.84375 0.2578125 0.3125
63 0.16484375 0.09296875 0.3296875 0.1859375
63 0.33125 0.0515625 0.4125 0.103125
63 0.63359375 0.0359375 0.5515625 0.071875