13 0.50409375 0.532421875 0.708984375 0.82421875
22 0.35078125 0.30078125 0.2875 0.28125
34 0.37734375 0.73984375 0.096875 0.13125
10 0.73984375 0.51796875 0.2375 0.75
63 0.28515625 0.578125 0.1875 0.2671875
22 0.64765625 0.45078125 0.3125 0.296875
63 0.25546875 0.475 0.171875 0.1953125
63 0.4453125 0.57734375 0.2015625 0.25625
63 0.409375 0.446875 0.2171875 0.1546875
34 0.4625 0.7640625 0.1265625 0.1515625
34 0.50546875 0.66640625 0.115625 0.146875
34 0.603125 0.6796875 0.1390625 0.1421875
34 0.6109375 0.61953125 0.1578125 0.121875
34 0.68359375 0.75546875 0.0875 0.165625
34 0.78046875 0.7375 0.11875 0.1484375
34 0.7171875 0.85703125 0.1703125 0.128125
34 0.57109375 0.77734375 0.165625 0.1625
34 0.60078125 0.86796875 0.159375 0.08125