13 0.5 0.521875 1 0.95625
34 0.46640625 0.51640625 0.1984375 0.196875
10 0.359375 0.25703125 0.71875 0.5140625
35 0.7328125 0.62109375 0.3 0.184375
34 0.34375 0.75234375 0.25625 0.184375
34 0.328125 0.62265625 0.246875 0.153125
63 0.40703125 0.89453125 0.2890625 0.2109375
23 0.03125 0.553125 0.0625 0.253125
35 0.74140625 0.5203125 0.3234375 0.2109375
23 0.0984375 0.37578125 0.196875 0.2171875
23 0.084375 0.51484375 0.16875 0.1890625
23 0.21875 0.46015625 0.190625 0.20625
23 0.27421875 0.36640625 0.1671875 0.24375
63 0.51328125 0.8734375 0.2703125 0.1984375
63 0.69140625 0.83984375 0.2796875 0.240625
63 0.815625 0.7921875 0.34375 0.2296875
63 0.8953125 0.75703125 0.209375 0.2015625