13 0.506640625 0.521609375 0.60234375 0.6067656249999999
63 0.4453125 0.2734375 0.26875 0.1625
22 0.29921875 0.39140625 0.1796875 0.2015625
34 0.50625 0.31953125 0.128125 0.0921875
34 0.39296875 0.39296875 0.0921875 0.1203125
34 0.5046875 0.421875 0.196875 0.171875
34 0.61953125 0.4984375 0.0953125 0.08125
34 0.40859375 0.5 0.1328125 0.103125
34 0.534375 0.51640625 0.15 0.0984375
34 0.47578125 0.584375 0.1078125 0.08125
35 0.38125 0.728125 0.1125 0.1
35 0.47421875 0.67734375 0.1046875 0.0859375
10 0.6921875 0.403125 0.23125 0.315625
35 0.42734375 0.7515625 0.0984375 0.1
35 0.47421875 0.7578125 0.0828125 0.096875
35 0.51796875 0.7671875 0.0703125 0.090625