13 0.5 0.5 1 1
34 0.1046875 0.490625 0.209375 0.390625
34 0.496875 0.79375 0.43125 0.4125
34 0.82578125 0.8328125 0.3484375 0.334375
34 0.715625 0.49921875 0.4375 0.4296875
34 0.846875 0.15390625 0.30625 0.3078125
10 0.51640625 0.1421875 0.9671875 0.284375
34 0.11015625 0.25078125 0.2203125 0.3328125
34 0.29453125 0.59140625 0.3171875 0.4015625
34 0.353125 0.3546875 0.35625 0.290625
34 0.7546875 0.321875 0.434375 0.296875
22 0.0640625 0.74375 0.128125 0.234375
10 0.109375 0.87421875 0.21875 0.2515625