13 0.5 0.5 1 1
63 0.14609375 0.7984375 0.2765625 0.403125
22 0.8921875 0.353125 0.215625 0.334375
35 0.95078125 0.8046875 0.0984375 0.31875
34 0.49375 0.38046875 0.65625 0.7609375
10 0.23515625 0.4125 0.4703125 0.825
63 0.32421875 0.846875 0.2421875 0.30625
63 0.4296875 0.86328125 0.2375 0.2734375
63 0.54765625 0.85625 0.2359375 0.2875
63 0.63671875 0.8390625 0.2265625 0.321875
63 0.74453125 0.8328125 0.3015625 0.334375
63 0.87734375 0.840625 0.2453125 0.31875
22 0.78515625 0.5859375 0.4296875 0.45625