13 0.5065000000000001 0.516375 0.9075468750000001 0.8905625
63 0.25546875 0.24921875 0.253125 0.240625
10 0.35078125 0.17890625 0.284375 0.2125
10 0.21953125 0.72109375 0.409375 0.325
35 0.375 0.871875 0.3703125 0.2078125
23 0.471875 0.603125 0.1515625 0.1484375
23 0.81484375 0.684375 0.1375 0.1921875
23 0.6140625 0.903125 0.1703125 0.1234375
22 0.428125 0.7828125 0.2734375 0.1359375
22 0.66796875 0.7953125 0.2625 0.1015625
22 0.5828125 0.54140625 0.1328125 0.215625
34 0.69296875 0.60390625 0.125 0.121875
63 0.36640625 0.33359375 0.240625 0.146875
63 0.30546875 0.37734375 0.34375 0.203125
63 0.184375 0.4125 0.2515625 0.1796875
63 0.296875 0.49453125 0.2390625 0.153125
63 0.165625 0.51796875 0.2390625 0.196875
10 0.10625 0.43125 0.1828125 0.3390625