34 0.0578125 0.68125 0.115625 0.203125
34 0.0171875 0.36171875 0.034375 0.1453125
34 0.07265625 0.37265625 0.1453125 0.1890625
34 0.1015625 0.28671875 0.1828125 0.1640625
34 0.2234375 0.22265625 0.3203125 0.1515625
34 0.23671875 0.2171875 0.2 0.190625
34 0.428125 0.246875 0.1734375 0.2
34 0.6140625 0.26953125 0.3109375 0.1734375
34 0.56328125 0.28203125 0.175 0.1390625
34 0.63515625 0.36171875 0.190625 0.1984375
34 0.5453125 0.390625 0.2234375 0.2125
34 0.7640625 0.384375 0.1640625 0.171875
34 0.35 0.33828125 0.1828125 0.1828125
34 0.22890625 0.37265625 0.184375 0.1953125
34 0.07421875 0.52265625 0.1484375 0.1859375
34 0.15 0.4859375 0.1578125 0.159375
34 0.2828125 0.55625 0.2046875 0.184375
34 0.409375 0.49375 0.1953125 0.18125
34 0.6 0.546875 0.2421875 0.225
34 0.7015625 0.51484375 0.1703125 0.1609375
34 0.79296875 0.540625 0.140625 0.1625
34 0.63671875 0.72109375 0.2125 0.2046875
34 0.4421875 0.6140625 0.2078125 0.2
34 0.4109375 0.7625 0.2140625 0.196875
34 0.52578125 0.77265625 0.15625 0.2078125
34 0.30859375 0.71875 0.165625 0.203125
34 0.18671875 0.703125 0.234375 0.20625