13 0.5 0.5 1 1
63 0.24921875 0.44609375 0.4984375 0.4421875
34 0.7328125 0.7453125 0.2015625 0.2296875
34 0.8875 0.8890625 0.2046875 0.2015625
22 0.49296875 0.6296875 0.190625 0.2453125
22 0.70546875 0.58359375 0.35 0.259375
35 0.10703125 0.8421875 0.171875 0.1828125
23 0.88359375 0.56328125 0.2328125 0.5328125
10 0.6875 0.221875 0.625 0.44375
34 0.23203125 0.91640625 0.2078125 0.1671875
34 0.25234375 0.790625 0.18125 0.1703125
34 0.2921875 0.66015625 0.1734375 0.190625
34 0.39765625 0.64921875 0.134375 0.1875
34 0.37421875 0.825 0.19375 0.2421875
34 0.35625 0.94765625 0.178125 0.1046875
34 0.553125 0.9109375 0.321875 0.178125
35 0.07265625 0.76796875 0.1453125 0.1796875
35 0.04609375 0.7046875 0.0921875 0.175
35 0.0328125 0.640625 0.065625 0.159375
35 0.0171875 0.58046875 0.034375 0.1109375
35 0.03671875 0.43671875 0.0734375 0.1390625
35 0.09296875 0.5890625 0.1859375 0.234375