13 0.5 0.525 1 0.9375
22 0.60390625 0.59921875 0.1734375 0.5765625
23 0.89921875 0.24296875 0.1828125 0.1484375
34 0.915625 0.5140625 0.16875 0.390625
34 0.95703125 0.7609375 0.0859375 0.34375
34 0.7734375 0.76171875 0.3125 0.4140625
63 0.3875 0.5625 0.45625 0.546875
10 0.86796875 0.81875 0.1734375 0.265625
10 0.58125 0.20234375 0.253125 0.1484375
23 0.76484375 0.2171875 0.1640625 0.15625
10 0.37578125 0.78359375 0.4078125 0.1484375
22 0.7359375 0.61796875 0.325 0.4859375
22 0.74921875 0.46953125 0.1953125 0.3359375