13 0.494171875 0.513953125 0.46256249999999993 0.426734375
23 0.5953125 0.44296875 0.0921875 0.0828125
23 0.66015625 0.36875 0.090625 0.09375
23 0.58125 0.36171875 0.0984375 0.0796875
34 0.5203125 0.31484375 0.0890625 0.0765625
34 0.415625 0.3359375 0.1015625 0.103125
34 0.30546875 0.44609375 0.078125 0.0890625
22 0.371875 0.42265625 0.1421875 0.1515625
22 0.46796875 0.32578125 0.05 0.0984375
22 0.50859375 0.4 0.153125 0.13125
35 0.48203125 0.515625 0.146875 0.14375
63 0.6421875 0.53828125 0.1421875 0.1015625
63 0.61171875 0.5875 0.146875 0.10625
63 0.57265625 0.63984375 0.11875 0.1484375
10 0.62890625 0.4671875 0.21875 0.2
10 0.69375 0.58046875 0.0734375 0.0796875
10 0.64140625 0.66171875 0.11875 0.1265625