13 0.5109375 0.525 0.978125 0.896875
34 0.66328125 0.546875 0.66875 0.45
35 0.715625 0.24296875 0.4921875 0.3484375
63 0.0953125 0.51953125 0.190625 0.1296875
22 0.60078125 0.7953125 0.578125 0.35625
10 0.11640625 0.10703125 0.2328125 0.1578125
63 0.240625 0.553125 0.2109375 0.14375
63 0.121875 0.4515625 0.1421875 0.1125
63 0.2171875 0.528125 0.1765625 0.134375
63 0.24140625 0.42578125 0.159375 0.1296875
63 0.16875 0.34296875 0.1578125 0.1546875
63 0.2296875 0.26171875 0.1671875 0.1890625
63 0.33359375 0.19296875 0.159375 0.1890625
63 0.40703125 0.1734375 0.15625 0.15625
63 0.50859375 0.18671875 0.1625 0.2421875
63 0.4359375 0.33515625 0.1859375 0.2703125