13 0.5 0.51796875 1 0.9578125
10 0.64609375 0.4078125 0.5671875 0.4515625
22 0.60625 0.8328125 0.66875 0.2359375
22 0.89765625 0.7609375 0.2046875 0.3
22 0.75078125 0.66171875 0.4671875 0.2375
34 0.13046875 0.53046875 0.2421875 0.2125
34 0.25 0.48203125 0.18125 0.1625
34 0.3625 0.43515625 0.175 0.159375
34 0.43671875 0.5125 0.2046875 0.1546875
34 0.334375 0.5546875 0.20625 0.1515625
34 0.509375 0.62265625 0.2125 0.19375
34 0.36953125 0.6765625 0.1890625 0.1828125
34 0.21640625 0.71015625 0.2359375 0.190625
63 0.14921875 0.38828125 0.2984375 0.1546875
63 0.18671875 0.32890625 0.3265625 0.15625
63 0.27578125 0.26953125 0.3015625 0.203125
63 0.32890625 0.2265625 0.2328125 0.2015625
63 0.415625 0.165625 0.2125 0.1765625
63 0.50703125 0.13359375 0.1671875 0.15625