22 0.52421875 0.4140625 0.0359375 0.05625
22 0.55078125 0.40703125 0.0546875 0.0734375
22 0.58046875 0.40859375 0.0734375 0.0609375
22 0.58671875 0.43671875 0.0859375 0.0515625
22 0.60546875 0.4734375 0.0921875 0.04375
22 0.53515625 0.4703125 0.0828125 0.084375
22 0.48984375 0.50703125 0.0796875 0.0640625
22 0.478125 0.5328125 0.075 0.046875
22 0.44921875 0.56796875 0.1046875 0.0546875
22 0.45859375 0.61328125 0.0921875 0.0671875
22 0.4984375 0.621875 0.078125 0.065625
22 0.54375 0.603125 0.05625 0.078125
22 0.58359375 0.56640625 0.0546875 0.0984375
22 0.59921875 0.52734375 0.0828125 0.0703125
22 0.54609375 0.5390625 0.0546875 0.084375