13 0.49225 0.510328125 0.9485625000000001 0.930015625
10 0.3921875 0.77890625 0.234375 0.2484375
10 0.54765625 0.75546875 0.2296875 0.3703125
10 0.67265625 0.809375 0.1703125 0.234375
63 0.80390625 0.58671875 0.3921875 0.5734375
34 0.48046875 0.171875 0.1578125 0.203125
34 0.61796875 0.21796875 0.1765625 0.2390625
34 0.66953125 0.19765625 0.1796875 0.1515625
34 0.76015625 0.25703125 0.1609375 0.2171875
22 0.12734375 0.4265625 0.2515625 0.175
22 0.125 0.52109375 0.246875 0.1109375
22 0.1375 0.60859375 0.271875 0.1890625
22 0.1859375 0.6609375 0.315625 0.190625
22 0.228125 0.77734375 0.259375 0.1953125