13 0.50703125 0.51484375 0.9859375 0.9578125
63 0.2921875 0.58359375 0.290625 0.40625
63 0.41953125 0.45234375 0.3046875 0.284375
63 0.6 0.45703125 0.165625 0.240625
63 0.53203125 0.65390625 0.2234375 0.196875
10 0.18515625 0.7265625 0.3140625 0.2890625
10 0.43515625 0.83359375 0.2796875 0.315625
10 0.71640625 0.659375 0.3578125 0.6390625
34 0.05859375 0.428125 0.1171875 0.178125
34 0.08671875 0.5671875 0.1703125 0.1453125
34 0.15078125 0.446875 0.1703125 0.1953125
34 0.1171875 0.2890625 0.153125 0.1609375
34 0.15 0.18515625 0.1875 0.15625
34 0.23828125 0.13203125 0.1765625 0.140625
34 0.44375 0.07109375 0.15625 0.1421875
22 0.54296875 0.2375 0.2078125 0.3015625
22 0.32109375 0.27578125 0.3109375 0.221875