13 0.5022187500000002 0.527078125 0.926140625 0.8177031250000001
10 0.64296875 0.19765625 0.15 0.1640625
10 0.75390625 0.2515625 0.1875 0.1875
10 0.809375 0.41875 0.2640625 0.278125
10 0.6515625 0.38203125 0.3609375 0.3390625
34 0.36796875 0.51484375 0.159375 0.1453125
34 0.43984375 0.42578125 0.153125 0.1109375
34 0.4953125 0.484375 0.1640625 0.128125
34 0.45234375 0.578125 0.15625 0.14375
34 0.571875 0.56875 0.2140625 0.14375
34 0.565625 0.65234375 0.1796875 0.1046875
34 0.49375 0.71875 0.1546875 0.11875
35 0.628125 0.7296875 0.0828125 0.09375
35 0.66875 0.678125 0.0859375 0.084375
35 0.71640625 0.64375 0.075 0.06875
63 0.8 0.66640625 0.2140625 0.2796875
22 0.32421875 0.77265625 0.25 0.2859375
22 0.221875 0.8765625 0.2234375 0.11875