13 0.50259375 0.518625 0.5297499999999999 0.49393750000000003
34 0.56484375 0.7171875 0.1359375 0.0625
34 0.628125 0.634375 0.096875 0.065625
22 0.65390625 0.56875 0.2046875 0.15
23 0.4421875 0.61171875 0.078125 0.1203125
23 0.3796875 0.64453125 0.0875 0.0890625
63 0.35625 0.415625 0.128125 0.13125
63 0.31953125 0.4671875 0.1046875 0.109375
63 0.31328125 0.5375 0.1203125 0.090625
10 0.4015625 0.33828125 0.14375 0.2109375
10 0.29921875 0.5828125 0.1296875 0.146875
35 0.50078125 0.42734375 0.0859375 0.0765625
35 0.54140625 0.4953125 0.0921875 0.103125
35 0.540625 0.57421875 0.065625 0.0859375