13 0.5 0.5 1 1
34 0.91796875 0.41328125 0.1640625 0.2265625
35 0.65390625 0.703125 0.2046875 0.2234375
35 0.8421875 0.91484375 0.315625 0.1703125
35 0.59609375 0.91484375 0.3171875 0.1703125
35 0.45703125 0.80234375 0.3578125 0.359375
35 0.38828125 0.9265625 0.2234375 0.146875
35 0.4921875 0.30703125 0.21875 0.203125
35 0.63125 0.45546875 0.246875 0.190625
35 0.7671875 0.3546875 0.184375 0.2015625
34 0.72109375 0.18984375 0.3296875 0.275
34 0.928125 0.25703125 0.14375 0.1921875
10 0.2390625 0.253125 0.478125 0.50625
22 0.79609375 0.5625 0.1671875 0.2671875
22 0.8515625 0.6578125 0.1875 0.3109375
22 0.93984375 0.75 0.1203125 0.3375