13 0.5 0.484375 1 0.70625
35 0.52578125 0.13125 0.15625 0.0828125
35 0.5625 0.24453125 0.1484375 0.159375
35 0.55546875 0.3828125 0.15 0.1609375
63 0.9390625 0.5421875 0.121875 0.209375
63 0.9234375 0.33203125 0.153125 0.1671875
63 0.85078125 0.246875 0.090625 0.1515625
35 0.78671875 0.659375 0.225 0.2078125
10 0.61953125 0.73515625 0.290625 0.196875
10 0.42578125 0.25 0.215625 0.3203125
34 0.7171875 0.6203125 0.3828125 0.2984375
23 0.7125 0.25078125 0.1640625 0.228125
22 0.2859375 0.45234375 0.2328125 0.209375