13 0.5 0.5 1 1
34 0.3 0.446875 0.1921875 0.171875
34 0.93671875 0.34765625 0.1265625 0.1890625
23 0.85546875 0.6109375 0.2890625 0.434375
10 0.74296875 0.17578125 0.5140625 0.3515625
22 0.71328125 0.81484375 0.159375 0.3046875
22 0.55546875 0.85703125 0.23125 0.2671875
35 0.3828125 0.7515625 0.2328125 0.2
35 0.25 0.81640625 0.4171875 0.3328125
63 0.2125 0.5796875 0.425 0.284375
35 0.28046875 0.6984375 0.24375 0.21875
35 0.3828125 0.74453125 0.2203125 0.1984375
34 0.378125 0.38828125 0.2046875 0.2171875
34 0.42734375 0.32109375 0.24375 0.1984375
34 0.47578125 0.265625 0.18125 0.171875
34 0.52421875 0.2203125 0.190625 0.13125
34 0.61796875 0.32734375 0.19375 0.2109375
34 0.70625 0.26328125 0.2109375 0.1734375
34 0.746875 0.4125 0.2359375 0.203125
34 0.71484375 0.5765625 0.2125 0.19375
34 0.56953125 0.50390625 0.209375 0.2109375
34 0.4484375 0.49140625 0.2015625 0.1984375
34 0.52734375 0.64609375 0.21875 0.1796875