13 0.5195937500000001 0.507578125 0.9219843750000001 0.876890625
10 0.71796875 0.20859375 0.1796875 0.1078125
10 0.8390625 0.40234375 0.21875 0.3484375
10 0.7484375 0.68828125 0.328125 0.2921875
10 0.51875 0.82265625 0.246875 0.2109375
22 0.3734375 0.35859375 0.215625 0.0859375
22 0.1671875 0.334375 0.159375 0.1
22 0.1203125 0.4 0.178125 0.115625
22 0.3 0.478125 0.23125 0.08125
22 0.26796875 0.64765625 0.2546875 0.1796875
22 0.44609375 0.76640625 0.2140625 0.1578125
34 0.375 0.5484375 0.14375 0.13125
34 0.26171875 0.575 0.1328125 0.109375
34 0.22109375 0.70546875 0.1046875 0.0953125
34 0.1515625 0.6125 0.121875 0.115625
34 0.1328125 0.4984375 0.153125 0.1625
35 0.34140625 0.16796875 0.4609375 0.2609375