13 0.5007187500000001 0.5175468750000001 0.7251249999999999 0.5258437499999999
22 0.74453125 0.58828125 0.178125 0.121875
22 0.64375 0.665625 0.1859375 0.1265625
35 0.61796875 0.54453125 0.1375 0.18125
63 0.76328125 0.4421875 0.159375 0.1890625
34 0.51796875 0.40078125 0.1125 0.109375
34 0.56328125 0.48125 0.115625 0.1046875
34 0.415625 0.4453125 0.0953125 0.0953125
34 0.4796875 0.46484375 0.0953125 0.115625
34 0.51875 0.54140625 0.1015625 0.090625
34 0.5109375 0.603125 0.0890625 0.0984375
34 0.43515625 0.54140625 0.11875 0.125
34 0.371875 0.49296875 0.1140625 0.103125
10 0.40625 0.6453125 0.3890625 0.2515625
22 0.68515625 0.50703125 0.14375 0.16875