13 0.5 0.51015625 1 0.9796875
10 0.115625 0.2234375 0.23125 0.365625
10 0.1515625 0.6703125 0.303125 0.515625
10 0.3671875 0.82265625 0.2359375 0.3328125
10 0.5234375 0.8390625 0.2484375 0.30625
10 0.6484375 0.8671875 0.26875 0.265625
63 0.121875 0.32890625 0.24375 0.2203125
63 0.14453125 0.4453125 0.2890625 0.29375
63 0.2203125 0.5265625 0.3296875 0.3
63 0.371875 0.546875 0.2140625 0.290625
22 0.45390625 0.3390625 0.534375 0.3125
35 0.79609375 0.2375 0.140625 0.125
35 0.684375 0.26953125 0.1140625 0.1421875
35 0.86875 0.215625 0.1484375 0.06875
23 0.5234375 0.69453125 0.1640625 0.2578125
23 0.65703125 0.5609375 0.134375 0.26875
23 0.8625 0.51796875 0.2390625 0.3390625
10 0.89375 0.12578125 0.2125 0.1765625
10 0.95234375 0.6796875 0.0953125 0.35
23 0.71875 0.51953125 0.2046875 0.2390625
23 0.84375 0.7203125 0.3125 0.24375
23 0.68203125 0.7484375 0.259375 0.16875
34 0.24375 0.18125 0.1390625 0.125
34 0.334375 0.16484375 0.1234375 0.1109375