13 0.5 0.5 1 1
34 0.83984375 0.159375 0.3203125 0.31875
34 0.96328125 0.13984375 0.0734375 0.2796875
34 0.76875 0.38515625 0.353125 0.2640625
34 0.95 0.34296875 0.1 0.2390625
22 0.8796875 0.528125 0.240625 0.35
22 0.33984375 0.53046875 0.6796875 0.5359375
23 0.60703125 0.63046875 0.3296875 0.2671875
23 0.44765625 0.79921875 0.3640625 0.2609375
23 0.68125 0.8203125 0.3 0.359375
23 0.75 0.9390625 0.334375 0.121875
23 0.48359375 0.9 0.2515625 0.2
63 0.24609375 0.78515625 0.4921875 0.4296875
10 0.08125 0.3234375 0.1625 0.646875
35 0.2578125 0.278125 0.38125 0.384375