13 0.5 0.5 1 1
10 0.6359375 0.7203125 0.728125 0.559375
63 0.5515625 0.08671875 0.340625 0.1734375
63 0.72421875 0.10234375 0.2828125 0.2046875
63 0.79609375 0.14375 0.3015625 0.2421875
63 0.8671875 0.25 0.265625 0.25625
34 0.1609375 0.28984375 0.175 0.19375
34 0.01640625 0.3140625 0.0328125 0.146875
34 0.09765625 0.409375 0.1953125 0.20625
34 0.04375 0.52578125 0.0875 0.2203125
34 0.07265625 0.83828125 0.1453125 0.2359375
34 0.15546875 0.890625 0.2640625 0.21875
22 0.26796875 0.87890625 0.2671875 0.2421875
22 0.08125 0.603125 0.1625 0.375
22 0.078125 0.68125 0.15625 0.190625
22 0.24921875 0.65625 0.2640625 0.3171875