13 0.5 0.5125 1 0.975
35 0.79765625 0.33046875 0.1125 0.1140625
63 0.87265625 0.21328125 0.2546875 0.2078125
63 0.921875 0.38046875 0.15625 0.2671875
63 0.9515625 0.55859375 0.096875 0.3203125
10 0.51328125 0.74765625 0.6671875 0.5046875
22 0.16015625 0.39296875 0.3203125 0.4046875
34 0.18671875 0.665625 0.178125 0.196875
34 0.24765625 0.53046875 0.15 0.1703125
34 0.01796875 0.55703125 0.0359375 0.2203125
34 0.08203125 0.3765625 0.1640625 0.190625
34 0.08828125 0.7375 0.1765625 0.171875
35 0.84609375 0.37734375 0.140625 0.1421875
35 0.84921875 0.44609375 0.165625 0.1453125
35 0.86875 0.55625 0.1265625 0.178125
35 0.896875 0.6640625 0.1171875 0.20625
35 0.94453125 0.7328125 0.1109375 0.246875