13 0.51171875 0.51640625 0.9765625 0.8890625
10 0.17734375 0.42109375 0.3546875 0.6328125
34 0.32265625 0.49921875 0.1109375 0.115625
22 0.88671875 0.32265625 0.2234375 0.25625
22 0.87265625 0.54140625 0.2203125 0.284375
22 0.77578125 0.74921875 0.2546875 0.28125
22 0.58671875 0.86015625 0.2296875 0.221875
22 0.38984375 0.86640625 0.2078125 0.2125
63 0.7390625 0.65546875 0.1625 0.21875
22 0.19140625 0.80546875 0.3046875 0.246875
63 0.6671875 0.65234375 0.134375 0.234375
63 0.6046875 0.6515625 0.128125 0.2328125
63 0.53359375 0.6546875 0.1203125 0.2421875
63 0.46796875 0.6546875 0.1015625 0.2421875
63 0.40703125 0.65390625 0.1078125 0.23125
63 0.35234375 0.6578125 0.1484375 0.2359375
34 0.4015625 0.5046875 0.103125 0.1171875
34 0.484375 0.50625 0.109375 0.0921875
34 0.571875 0.49921875 0.115625 0.10625
34 0.6625 0.5 0.11875 0.1140625
34 0.74765625 0.51875 0.1140625 0.1265625
34 0.75546875 0.42890625 0.1109375 0.10625
34 0.66875 0.42109375 0.1125 0.0875
34 0.57890625 0.42109375 0.1078125 0.0875
34 0.4890625 0.428125 0.10625 0.0921875
34 0.415625 0.41328125 0.103125 0.103125
34 0.33984375 0.41484375 0.1046875 0.10625