4 0.5203125 0.53671875 0.83125 0.9078125
65 0.7734375 0.41875 0.328125 0.434375
3 0.5546875 0.60078125 0.20625 0.1796875
3 0.634375 0.62578125 0.184375 0.1890625
3 0.70625 0.64609375 0.1625 0.1609375
3 0.78359375 0.68671875 0.1484375 0.1984375
3 0.83359375 0.73125 0.1953125 0.228125
3 0.71328125 0.8609375 0.1421875 0.20625
3 0.67734375 0.778125 0.1234375 0.11875
3 0.6015625 0.76328125 0.184375 0.1546875
3 0.51015625 0.74453125 0.1421875 0.1546875
3 0.42265625 0.734375 0.1953125 0.171875
3 0.31875 0.81953125 0.2 0.1484375
3 0.396875 0.8484375 0.19375 0.1625
3 0.5 0.8890625 0.215625 0.1875
3 0.61015625 0.8671875 0.1671875 0.15625