4 0.5026875000000001 0.5290312499999998 0.9610156249999999 0.6699531249999999
3 0.2703125 0.29375 0.303125 0.171875
3 0.28515625 0.20859375 0.3171875 0.1671875
3 0.465625 0.28046875 0.215625 0.2203125
3 0.628125 0.221875 0.1875 0.19375
3 0.7359375 0.25 0.2875 0.25
3 0.590625 0.3578125 0.209375 0.1625
3 0.43125 0.39296875 0.234375 0.1609375
65 0.3390625 0.5671875 0.253125 0.15
65 0.51015625 0.5703125 0.2578125 0.1375
65 0.521875 0.61875 0.303125 0.1375
65 0.5390625 0.6828125 0.3 0.146875
65 0.56015625 0.74453125 0.3140625 0.1703125
65 0.56953125 0.79609375 0.3359375 0.1609375
65 0.61015625 0.8265625 0.2828125 0.1
65 0.25625 0.6390625 0.275 0.11875
65 0.2375 0.69921875 0.321875 0.0828125
65 0.240625 0.784375 0.278125 0.140625
65 0.271875 0.81171875 0.28125 0.1296875