4 0.5 0.5 1 1
65 0.2796875 0.428125 0.559375 0.328125
65 0.1 0.77890625 0.2 0.4109375
65 0.234375 0.72421875 0.46875 0.3734375
65 0.39375 0.67578125 0.7078125 0.35
65 0.55703125 0.36171875 0.825 0.6
65 0.64921875 0.15390625 0.621875 0.271875
65 0.61015625 0.06875 0.6984375 0.1375
3 0.87421875 0.26640625 0.2515625 0.3015625
3 0.9265625 0.46328125 0.146875 0.3234375
3 0.903125 0.6484375 0.19375 0.359375
3 0.84453125 0.7953125 0.3109375 0.409375
3 0.79609375 0.8359375 0.4078125 0.328125
3 0.59765625 0.86953125 0.8046875 0.2609375
3 0.2890625 0.92109375 0.578125 0.1578125