4 0.5 0.5046875 1 0.990625
65 0.4640625 0.34375 0.65 0.4359375
65 0.2453125 0.428125 0.403125 0.3984375
65 0.509375 0.59609375 0.540625 0.33125
3 0.78515625 0.853125 0.2546875 0.2640625
3 0.62265625 0.86171875 0.1921875 0.2765625
3 0.49140625 0.85859375 0.1828125 0.2828125
3 0.3734375 0.84765625 0.209375 0.3046875
3 0.2609375 0.8109375 0.278125 0.3171875
3 0.1453125 0.76171875 0.290625 0.2859375
3 0.1046875 0.69296875 0.209375 0.2234375
3 0.0890625 0.59921875 0.178125 0.1640625
3 0.08125 0.51875 0.1625 0.18125
3 0.05 0.42890625 0.1 0.1390625
3 0.0421875 0.33671875 0.084375 0.1078125
3 0.05 0.278125 0.1 0.140625
3 0.07890625 0.2140625 0.1578125 0.140625
3 0.09453125 0.1609375 0.1890625 0.178125
3 0.159375 0.09921875 0.2 0.15625
3 0.2421875 0.07578125 0.184375 0.1515625
3 0.35078125 0.04140625 0.2078125 0.0828125