4 0.5171875 0.53828125 0.8296875 0.7859375
65 0.46015625 0.3625 0.11875 0.128125
65 0.31875 0.4375 0.1203125 0.18125
65 0.278125 0.54140625 0.1203125 0.1328125
65 0.3890625 0.4296875 0.1328125 0.2
65 0.3984375 0.53359375 0.1421875 0.1421875
65 0.40234375 0.6421875 0.13125 0.103125
65 0.36796875 0.70703125 0.1125 0.1109375
65 0.51953125 0.5265625 0.153125 0.103125
65 0.5203125 0.6328125 0.1578125 0.109375
65 0.5671875 0.709375 0.2015625 0.121875
3 0.60546875 0.1953125 0.24375 0.203125
3 0.63359375 0.24453125 0.3125 0.2265625
3 0.65390625 0.30703125 0.328125 0.2015625
3 0.70703125 0.36015625 0.3625 0.2453125
3 0.728125 0.4640625 0.3453125 0.2125
3 0.74609375 0.55 0.346875 0.2
3 0.76328125 0.6265625 0.33125 0.2125