4 0.5090312499999999 0.5065625 0.30828124999999995 0.37514062500000006
3 0.61484375 0.38359375 0.075 0.0703125
3 0.5859375 0.4875 0.0859375 0.053125
3 0.59296875 0.4484375 0.06875 0.0625
3 0.5640625 0.52421875 0.1015625 0.0671875
3 0.53515625 0.64921875 0.08125 0.0609375
65 0.478125 0.39140625 0.0671875 0.0828125
65 0.53125 0.42109375 0.0515625 0.1453125
65 0.55078125 0.42109375 0.046875 0.1046875
65 0.58046875 0.4125 0.0625 0.11875
36 0.51328125 0.52890625 0.10625 0.1015625
36 0.41640625 0.5953125 0.146875 0.178125