13 0.5 0.5359375 1 0.928125
65 0.19453125 0.16171875 0.2609375 0.146875
65 0.16328125 0.20234375 0.2234375 0.13125
65 0.14375 0.26328125 0.2375 0.1375
65 0.10625 0.32421875 0.2125 0.1546875
65 0.0890625 0.36640625 0.178125 0.1640625
65 0.07578125 0.41640625 0.1515625 0.1859375
65 0.06640625 0.478125 0.1328125 0.153125
3 0.12890625 0.6 0.2578125 0.31875
3 0.1875 0.6015625 0.375 0.3125
3 0.28984375 0.66953125 0.4359375 0.34375
3 0.43828125 0.73359375 0.3859375 0.371875
3 0.4453125 0.82890625 0.34375 0.31875
3 0.08671875 0.7859375 0.1734375 0.140625
3 0.20078125 0.8609375 0.1984375 0.1265625