4 0.51328125 0.52734375 0.63125 0.6203125
65 0.365625 0.6921875 0.1828125 0.103125
65 0.39453125 0.6234375 0.159375 0.078125
65 0.41015625 0.553125 0.153125 0.1
65 0.421875 0.49609375 0.1390625 0.0953125
65 0.4296875 0.4359375 0.1265625 0.10625
65 0.31875 0.41796875 0.1390625 0.0703125
65 0.31171875 0.45078125 0.153125 0.0859375
65 0.2921875 0.49921875 0.1578125 0.0984375
65 0.28203125 0.559375 0.1625 0.11875
65 0.2546875 0.62890625 0.1640625 0.1015625
3 0.5078125 0.5359375 0.0984375 0.203125
3 0.575 0.57265625 0.1046875 0.2296875
3 0.62734375 0.52421875 0.121875 0.2109375
3 0.6875 0.56328125 0.1921875 0.2515625
3 0.7546875 0.609375 0.1359375 0.225