4 0.5171875 0.5 0.846875 1
65 0.8296875 0.3609375 0.221875 0.209375
65 0.8546875 0.54140625 0.171875 0.2515625
65 0.81328125 0.6875 0.2546875 0.284375
65 0.74609375 0.85078125 0.1734375 0.1890625
65 0.6859375 0.4421875 0.228125 0.2625
65 0.54375 0.4359375 0.184375 0.1875
65 0.56953125 0.69609375 0.2703125 0.3984375
65 0.5671875 0.90390625 0.3125 0.1640625
65 0.4390625 0.6921875 0.18125 0.21875
3 0.23515625 0.4828125 0.3484375 0.225
3 0.2484375 0.5875 0.375 0.1875
3 0.24921875 0.69375 0.3765625 0.18125
3 0.26171875 0.8109375 0.4015625 0.171875
3 0.24296875 0.92109375 0.3640625 0.1578125