4 0.4965 0.507796875 0.7426718749999999 0.32465625
4 0.48587500000000006 0.516484375 0.740171875 0.31703125
65 0.71640625 0.575 0.2515625 0.115625
65 0.7203125 0.4921875 0.26875 0.1125
3 0.24609375 0.40546875 0.1046875 0.1203125
3 0.30546875 0.40078125 0.0890625 0.1109375
3 0.36875 0.409375 0.09375 0.096875
3 0.43125 0.42109375 0.109375 0.0953125
3 0.46015625 0.45546875 0.1265625 0.0828125
3 0.46328125 0.51015625 0.1546875 0.0671875
3 0.453125 0.55 0.15 0.1
3 0.409375 0.584375 0.125 0.11875
3 0.3578125 0.5984375 0.09375 0.14375
3 0.2734375 0.60078125 0.115625 0.1421875
3 0.21796875 0.5765625 0.1421875 0.128125
3 0.190625 0.54375 0.159375 0.084375
3 0.18203125 0.48828125 0.1359375 0.0609375
3 0.2 0.43984375 0.134375 0.0921875