4 0.51890625 0.515 0.5121874999999999 0.704375
65 0.415625 0.53515625 0.13125 0.0765625
65 0.534375 0.6515625 0.215625 0.309375
65 0.3875 0.69375 0.215625 0.30625
65 0.49453125 0.8203125 0.1828125 0.08125
3 0.3921875 0.31171875 0.16875 0.1640625
3 0.4375 0.2140625 0.153125 0.128125
3 0.534375 0.259375 0.19375 0.15625
3 0.51953125 0.3484375 0.1953125 0.18125
3 0.5109375 0.17734375 0.15 0.0859375
3 0.5984375 0.19296875 0.0875 0.1046875
3 0.62890625 0.25 0.1078125 0.096875
3 0.62109375 0.35546875 0.1484375 0.1578125
3 0.496875 0.41953125 0.184375 0.1265625
3 0.37265625 0.38125 0.1828125 0.153125
3 0.35 0.259375 0.15 0.140625