4 0.5 0.5 1 1
65 0.346875 0.30546875 0.2484375 0.1859375
65 0.13984375 0.3109375 0.228125 0.184375
65 0.0421875 0.43359375 0.084375 0.1953125
65 0.11953125 0.4875 0.234375 0.25625
65 0.24921875 0.46953125 0.240625 0.2703125
65 0.47578125 0.50234375 0.303125 0.2984375
65 0.646875 0.575 0.2328125 0.24375
65 0.759375 0.771875 0.2734375 0.321875
65 0.54765625 0.7328125 0.290625 0.290625
65 0.62421875 0.89296875 0.2765625 0.2140625
65 0.33203125 0.64765625 0.259375 0.2921875
65 0.3734375 0.8578125 0.325 0.284375
65 0.12578125 0.69609375 0.2515625 0.2515625
65 0.028125 0.5796875 0.05625 0.184375
65 0.08046875 0.86171875 0.1609375 0.2765625
3 0.86875 0.484375 0.2625 0.4625
3 0.93359375 0.6640625 0.1328125 0.375