4 0.5 0.5 1 1
65 0.14375 0.421875 0.234375 0.28125
65 0.31484375 0.50546875 0.2453125 0.2671875
65 0.51171875 0.47578125 0.3109375 0.3171875
65 0.7375 0.4015625 0.23125 0.353125
65 0.896875 0.51171875 0.20625 0.3484375
65 0.72421875 0.6625 0.2890625 0.265625
65 0.42734375 0.71328125 0.4046875 0.2515625
65 0.05546875 0.64765625 0.1109375 0.2390625
65 0.11640625 0.74765625 0.2328125 0.2984375
65 0.16796875 0.875 0.2953125 0.25
65 0.3375 0.9640625 0.246875 0.071875
65 0.48515625 0.8796875 0.2453125 0.240625
65 0.6734375 0.91953125 0.290625 0.1609375
65 0.87421875 0.86796875 0.2515625 0.2640625
3 0.05078125 0.3390625 0.1015625 0.55625
3 0.125 0.1015625 0.25 0.203125
3 0.28984375 0.08515625 0.2640625 0.1703125
3 0.47421875 0.07421875 0.2171875 0.1484375
3 0.6484375 0.0703125 0.228125 0.140625
3 0.5828125 0.1921875 0.259375 0.384375
3 0.3578125 0.26328125 0.284375 0.3671875
3 0.14296875 0.2578125 0.2859375 0.33125
3 0.865625 0.0578125 0.26875 0.115625
3 0.85390625 0.22421875 0.2921875 0.3421875
3 0.96015625 0.21484375 0.0796875 0.3234375