65 0.49140625 0.35703125 0.3671875 0.1515625
65 0.3796875 0.45234375 0.13125 0.0859375
65 0.5375 0.45859375 0.225 0.0890625
65 0.66796875 0.46328125 0.0703125 0.0765625
65 0.35625 0.50234375 0.184375 0.0890625
65 0.48828125 0.52109375 0.0921875 0.0734375
65 0.58046875 0.528125 0.1015625 0.078125
65 0.659375 0.515625 0.1125 0.0875
65 0.6734375 0.5796875 0.109375 0.075
65 0.58828125 0.58359375 0.1109375 0.0828125
65 0.5125 0.58515625 0.09375 0.0890625
65 0.4375 0.58125 0.08125 0.090625
65 0.33671875 0.54921875 0.1703125 0.1203125
65 0.33125 0.62734375 0.146875 0.1265625
65 0.41953125 0.65546875 0.1234375 0.1046875
65 0.51875 0.66328125 0.096875 0.1015625
65 0.5953125 0.6640625 0.096875 0.103125
65 0.6765625 0.646875 0.1125 0.1125