4 0.49226562500000004 0.53046875 0.655609375 0.9390625
65 0.5828125 0.05234375 0.14375 0.1015625
65 0.59921875 0.1109375 0.1609375 0.13125
65 0.58984375 0.196875 0.1453125 0.121875
65 0.59921875 0.2859375 0.1640625 0.121875
65 0.59765625 0.37265625 0.1765625 0.1203125
65 0.6203125 0.453125 0.196875 0.1375
65 0.625 0.55078125 0.2125 0.1234375
65 0.628125 0.64765625 0.203125 0.1453125
65 0.62265625 0.76875 0.1953125 0.171875
65 0.621875 0.90546875 0.24375 0.1890625
3 0.3859375 0.86015625 0.40625 0.2421875
3 0.3703125 0.73203125 0.41875 0.1859375
3 0.38125 0.5859375 0.359375 0.18125
3 0.38046875 0.48515625 0.3484375 0.1671875
3 0.390625 0.38046875 0.31875 0.1453125
3 0.39296875 0.2765625 0.3265625 0.14375
3 0.39375 0.1859375 0.340625 0.13125
3 0.4046875 0.10625 0.303125 0.13125
3 0.3984375 0.04296875 0.303125 0.0828125