4 0.5 0.5 1 1
65 0.54921875 0.5109375 0.734375 0.7484375
3 0.30625 0.1578125 0.48125 0.315625
3 0.7140625 0.1421875 0.5 0.284375
3 0.83515625 0.21015625 0.3296875 0.4203125
3 0.84453125 0.4671875 0.3109375 0.50625
3 0.79765625 0.7953125 0.4046875 0.409375
3 0.7609375 0.86484375 0.478125 0.2703125
3 0.52265625 0.86015625 0.5546875 0.2796875
3 0.21328125 0.7828125 0.4265625 0.434375
3 0.13203125 0.515625 0.2640625 0.646875
3 0.11875 0.4359375 0.2375 0.44375
3 0.1765625 0.20390625 0.353125 0.4078125