4 0.5 0.5234375 1 0.621875
4 0.51171875 0.525 0.9765625 0.61875
65 0.32890625 0.5125 0.11875 0.19375
65 0.37890625 0.48125 0.08125 0.128125
65 0.38671875 0.64140625 0.1375 0.1203125
65 0.509375 0.628125 0.1671875 0.146875
65 0.4765625 0.51015625 0.1390625 0.1421875
65 0.60859375 0.55 0.16875 0.175
65 0.73515625 0.5265625 0.159375 0.159375
65 0.68828125 0.625 0.26875 0.1875
65 0.43359375 0.4046875 0.225 0.16875
65 0.5890625 0.40625 0.2015625 0.175
65 0.5828125 0.34296875 0.1765625 0.1296875
65 0.6609375 0.38984375 0.0953125 0.1234375
65 0.73046875 0.44140625 0.1125 0.1015625
3 0.83125 0.39140625 0.2140625 0.1546875
3 0.8765625 0.46796875 0.246875 0.1453125
3 0.89375 0.5890625 0.2125 0.1875
3 0.8875 0.703125 0.225 0.2625
3 0.78125 0.76015625 0.1953125 0.1484375
3 0.6328125 0.75 0.1734375 0.16875
3 0.09296875 0.56484375 0.1859375 0.1671875
3 0.153125 0.38359375 0.2203125 0.2109375
3 0.2734375 0.44921875 0.1671875 0.0796875
3 0.24921875 0.52578125 0.146875 0.1296875
3 0.11328125 0.70703125 0.2265625 0.2046875
3 0.29296875 0.6203125 0.134375 0.115625
3 0.31015625 0.73828125 0.246875 0.1921875
3 0.4640625 0.26171875 0.1328125 0.1328125
3 0.5609375 0.253125 0.1328125 0.13125
3 0.68046875 0.28671875 0.140625 0.1453125
3 0.7703125 0.34296875 0.1828125 0.1390625
3 0.35078125 0.29921875 0.184375 0.1640625