4 0.4109375 0.48359375 0.821875 0.6921875
65 0.153125 0.565625 0.3 0.2546875
65 0.24765625 0.70234375 0.2390625 0.25625
65 0.34140625 0.421875 0.2578125 0.2640625
65 0.37265625 0.6109375 0.2671875 0.2796875
65 0.47734375 0.575 0.1953125 0.2203125
65 0.45703125 0.3203125 0.2328125 0.2828125
65 0.56640625 0.3078125 0.2171875 0.2328125
65 0.6453125 0.509375 0.228125 0.2203125
65 0.684375 0.24609375 0.23125 0.246875
65 0.73046875 0.41171875 0.1984375 0.228125
3 0.2078125 0.41875 0.259375 0.1671875
3 0.35546875 0.7765625 0.1546875 0.2734375
3 0.47890625 0.7515625 0.1546875 0.2046875
3 0.609375 0.6765625 0.153125 0.1984375
3 0.778125 0.503125 0.234375 0.3921875
3 0.8546875 0.44296875 0.16875 0.334375