3 0.44765625 0.4484375 0.084375 0.0953125
3 0.42890625 0.50234375 0.1 0.065625
3 0.471875 0.53828125 0.1015625 0.1
3 0.54921875 0.54609375 0.096875 0.1
3 0.56015625 0.47421875 0.096875 0.1
3 0.51953125 0.44375 0.096875 0.0984375
3 0.5 0.359375 0.0890625 0.1015625
3 0.56328125 0.37734375 0.09375 0.09375
3 0.6125 0.41875 0.1078125 0.0984375
3 0.64140625 0.46328125 0.103125 0.084375
3 0.62265625 0.53515625 0.10625 0.096875
3 0.61015625 0.5875 0.0875 0.0796875
3 0.546875 0.625 0.0734375 0.0890625
3 0.49921875 0.6109375 0.078125 0.1078125
3 0.45 0.60234375 0.0953125 0.10625
3 0.390625 0.56796875 0.0953125 0.096875
3 0.365625 0.50390625 0.0828125 0.103125
3 0.384375 0.43515625 0.0890625 0.09375
3 0.42734375 0.37109375 0.09375 0.090625
3 0.45234375 0.2921875 0.0875 0.1078125
3 0.509375 0.28203125 0.0796875 0.090625
3 0.5640625 0.3 0.0859375 0.1078125
3 0.62265625 0.315625 0.103125 0.1046875
3 0.6609375 0.3609375 0.1140625 0.0921875
3 0.69609375 0.40625 0.10625 0.0859375
3 0.715625 0.465625 0.1109375 0.0859375
3 0.71171875 0.5234375 0.1125 0.0703125
3 0.69453125 0.57109375 0.1 0.071875
3 0.68125 0.63125 0.1203125 0.1109375
3 0.61640625 0.659375 0.1 0.1171875
3 0.55859375 0.7 0.09375 0.1109375
3 0.49296875 0.69375 0.065625 0.0953125
3 0.4296875 0.67734375 0.0953125 0.10625
3 0.38046875 0.64921875 0.0875 0.10625
3 0.3234375 0.62578125 0.1015625 0.1
3 0.30390625 0.5765625 0.1125 0.0859375
3 0.296875 0.51640625 0.1140625 0.06875
3 0.30078125 0.45703125 0.103125 0.08125
3 0.32109375 0.403125 0.09375 0.0984375
3 0.35546875 0.35078125 0.090625 0.103125
3 0.39765625 0.30625 0.0875 0.0921875