4 0.5 0.5 1 1
65 0.628125 0.30859375 0.246875 0.2
65 0.69140625 0.528125 0.1546875 0.2921875
65 0.4984375 0.790625 0.3125 0.1578125
65 0.25 0.70546875 0.2 0.253125
65 0.21484375 0.47734375 0.1578125 0.25
65 0.0953125 0.50390625 0.190625 0.1671875
65 0.10703125 0.64140625 0.2140625 0.1421875
65 0.12421875 0.76953125 0.2484375 0.1640625
65 0.19375 0.884375 0.3125 0.23125
65 0.34140625 0.9265625 0.1796875 0.146875
65 0.46171875 0.92890625 0.1515625 0.1421875
65 0.590625 0.925 0.184375 0.15
65 0.7421875 0.89453125 0.2125 0.2109375
3 0.82578125 0.8046875 0.3484375 0.278125
3 0.859375 0.61875 0.28125 0.184375
3 0.85625 0.4546875 0.2875 0.225
3 0.85546875 0.3109375 0.2890625 0.265625
3 0.7625 0.14296875 0.259375 0.2859375
3 0.5796875 0.12890625 0.209375 0.2578125
3 0.421875 0.134375 0.209375 0.26875
3 0.20078125 0.1828125 0.2359375 0.3390625
3 0.128125 0.35625 0.25625 0.209375