4 0.5031718749999999 0.5166875 0.8775781250000001 0.6561874999999999
3 0.4046875 0.25859375 0.2125 0.203125
3 0.6265625 0.27578125 0.215625 0.209375
3 0.79453125 0.3703125 0.2421875 0.1984375
3 0.79453125 0.56953125 0.2765625 0.153125
3 0.6359375 0.71953125 0.24375 0.215625
3 0.33359375 0.7125 0.2546875 0.2203125
3 0.16953125 0.565625 0.2578125 0.1640625
3 0.2078125 0.36796875 0.240625 0.184375
36 0.48984375 0.48359375 0.2453125 0.190625
65 0.16875 0.44453125 0.221875 0.125
65 0.31875 0.30859375 0.196875 0.190625
65 0.5046875 0.2453125 0.13125 0.1578125
65 0.68984375 0.32421875 0.1859375 0.19375
65 0.83359375 0.459375 0.2390625 0.1296875
65 0.7078125 0.65390625 0.21875 0.19375
65 0.4859375 0.7265625 0.16875 0.1671875
65 0.2234375 0.64453125 0.215625 0.203125