65 0.22578125 0.43984375 0.2734375 0.1265625
65 0.2640625 0.375 0.25625 0.1625
65 0.34375 0.33515625 0.228125 0.1546875
65 0.453125 0.28984375 0.109375 0.1609375
65 0.55859375 0.29765625 0.1203125 0.1640625
65 0.65625 0.3109375 0.15625 0.15
65 0.77578125 0.34765625 0.2015625 0.2078125
65 0.85546875 0.38515625 0.2515625 0.1609375
65 0.81484375 0.44921875 0.1328125 0.1390625
65 0.91484375 0.40390625 0.1703125 0.1328125
65 0.90078125 0.49765625 0.1984375 0.1015625
65 0.86015625 0.56640625 0.2796875 0.1453125
65 0.7859375 0.625 0.28125 0.165625
65 0.6421875 0.6421875 0.16875 0.184375
65 0.5125 0.64140625 0.159375 0.1765625
65 0.3625 0.64140625 0.2 0.1671875
65 0.2703125 0.5859375 0.31875 0.1375
65 0.20703125 0.4984375 0.2671875 0.109375