4 0.5109375 0.53515625 0.621875 0.5328125
65 0.50390625 0.73515625 0.0828125 0.1421875
65 0.55859375 0.740625 0.0953125 0.13125
65 0.61953125 0.71171875 0.0796875 0.1546875
65 0.675 0.67890625 0.1 0.1296875
3 0.4328125 0.290625 0.13125 0.128125
3 0.396875 0.34609375 0.15 0.1453125
3 0.3265625 0.38984375 0.1625 0.1265625
3 0.2796875 0.46015625 0.146875 0.1078125
3 0.2859375 0.53125 0.1625 0.084375
3 0.29140625 0.6234375 0.1515625 0.128125
3 0.32734375 0.67578125 0.1453125 0.1515625
3 0.3984375 0.72734375 0.16875 0.1265625