4 0.5109375 0.53046875 0.915625 0.5609375
65 0.50546875 0.5015625 0.1546875 0.215625
65 0.37890625 0.578125 0.2921875 0.14375
65 0.67109375 0.50078125 0.2640625 0.2078125
65 0.36796875 0.4578125 0.2359375 0.190625
65 0.55625 0.40546875 0.26875 0.1671875
3 0.6609375 0.36015625 0.19375 0.2046875
3 0.74609375 0.3765625 0.1234375 0.196875
3 0.83203125 0.390625 0.1234375 0.2
3 0.90078125 0.38671875 0.1359375 0.1765625
3 0.84921875 0.55234375 0.2390625 0.2484375
3 0.82890625 0.7296875 0.2609375 0.165625
3 0.75625 0.734375 0.225 0.15625
3 0.58828125 0.72421875 0.1859375 0.1765625
3 0.54453125 0.6625 0.2359375 0.140625
3 0.44453125 0.72265625 0.2140625 0.1796875
3 0.34296875 0.70703125 0.2109375 0.2109375
3 0.22734375 0.43984375 0.1671875 0.1328125
3 0.5046875 0.31640625 0.165625 0.1703125
3 0.39921875 0.328125 0.1484375 0.15
3 0.2890625 0.34296875 0.134375 0.1484375
3 0.19921875 0.34609375 0.1421875 0.1421875
3 0.103125 0.39296875 0.140625 0.1390625
3 0.0984375 0.4515625 0.13125 0.153125
3 0.0890625 0.50078125 0.1125 0.0859375
3 0.10390625 0.55390625 0.1421875 0.1171875
3 0.1703125 0.7140625 0.275 0.196875