4 0.508890625 0.510609375 0.329859375 0.479140625
3 0.60234375 0.32421875 0.1046875 0.0890625
3 0.6046875 0.3875 0.078125 0.059375
3 0.60625 0.4390625 0.075 0.078125
3 0.60234375 0.51015625 0.0640625 0.0828125
3 0.53515625 0.64140625 0.1203125 0.0703125
3 0.36796875 0.65703125 0.0703125 0.0890625
36 0.40078125 0.52578125 0.1671875 0.1828125
65 0.4765625 0.33203125 0.159375 0.0984375
65 0.49296875 0.3609375 0.1453125 0.115625
65 0.51484375 0.4359375 0.1328125 0.1125
65 0.5359375 0.46484375 0.13125 0.1109375
65 0.53515625 0.51328125 0.1390625 0.1171875