4 0.5 0.51328125 1 0.9734375
65 0.1671875 0.40859375 0.2625 0.1515625
65 0.14140625 0.3171875 0.2421875 0.128125
65 0.27421875 0.2875 0.1953125 0.2125
65 0.10546875 0.23203125 0.2109375 0.1328125
65 0.08984375 0.37265625 0.1796875 0.2328125
65 0.1109375 0.525 0.221875 0.121875
3 0.41796875 0.70546875 0.2984375 0.1640625
3 0.27109375 0.64609375 0.3203125 0.2703125
3 0.11171875 0.63984375 0.2234375 0.2046875
3 0.14765625 0.75859375 0.2953125 0.1640625
3 0.25390625 0.8625 0.4046875 0.228125
3 0.65703125 0.203125 0.1609375 0.159375
3 0.55234375 0.23203125 0.1984375 0.1734375
3 0.41640625 0.27265625 0.1921875 0.1484375
3 0.346875 0.21640625 0.1875 0.1484375
3 0.47421875 0.15625 0.1953125 0.153125
3 0.68671875 0.11953125 0.1796875 0.2015625
3 0.540625 0.09375 0.240625 0.1875
3 0.3921875 0.10234375 0.153125 0.1296875
3 0.30703125 0.11796875 0.1734375 0.1265625
3 0.2109375 0.18359375 0.178125 0.1296875
34 0.53984375 0.83203125 0.2671875 0.2953125
34 0.65703125 0.72578125 0.1921875 0.1828125
34 0.7171875 0.60859375 0.209375 0.2015625
34 0.78984375 0.55390625 0.1609375 0.1921875
34 0.91796875 0.590625 0.1640625 0.215625
34 0.9625 0.63125 0.075 0.225
34 0.83515625 0.71015625 0.2078125 0.1984375
34 0.89765625 0.77421875 0.1421875 0.1828125
34 0.78046875 0.88671875 0.2921875 0.2265625