4 0.5 0.5 1 1
3 0.76796875 0.875 0.28125 0.21875
3 0.83203125 0.8421875 0.296875 0.234375
3 0.86875 0.7875 0.2625 0.209375
3 0.89140625 0.7296875 0.2171875 0.165625
3 0.91484375 0.6671875 0.1703125 0.153125
3 0.9234375 0.60625 0.153125 0.125
3 0.94453125 0.5515625 0.1109375 0.103125
3 0.94921875 0.48828125 0.1015625 0.1015625
3 0.94296875 0.4234375 0.1140625 0.090625
3 0.94140625 0.3625 0.1171875 0.1125
3 0.9328125 0.309375 0.134375 0.13125
3 0.93125 0.2578125 0.1375 0.125
3 0.925 0.19140625 0.15 0.1265625
3 0.903125 0.1421875 0.1734375 0.153125
3 0.85 0.096875 0.1796875 0.165625
3 0.78359375 0.078125 0.1734375 0.15625
3 0.73359375 0.06953125 0.1640625 0.1390625
3 0.675 0.05078125 0.125 0.1015625
3 0.6203125 0.046875 0.128125 0.09375
3 0.56484375 0.04296875 0.1234375 0.0859375
3 0.50859375 0.04375 0.0921875 0.0875
3 0.446875 0.0390625 0.090625 0.078125
3 0.3921875 0.03828125 0.10625 0.0765625
3 0.34765625 0.04609375 0.1234375 0.0921875
3 0.28125 0.05078125 0.134375 0.1015625
3 0.23203125 0.06484375 0.1453125 0.1296875
3 0.1859375 0.075 0.175 0.15
3 0.1265625 0.10234375 0.2171875 0.1515625
3 0.10078125 0.14921875 0.2015625 0.1484375
3 0.078125 0.1890625 0.15625 0.134375
3 0.06171875 0.23828125 0.1234375 0.1359375
3 0.04765625 0.29140625 0.0953125 0.1296875
3 0.040625 0.3484375 0.08125 0.10625
3 0.03984375 0.425 0.0796875 0.090625
3 0.040625 0.4859375 0.08125 0.1
3 0.04296875 0.54765625 0.0859375 0.1203125
3 0.05546875 0.6140625 0.1109375 0.171875
3 0.0625 0.67734375 0.125 0.2140625
3 0.07890625 0.73359375 0.1578125 0.2078125
3 0.09453125 0.8140625 0.1890625 0.246875
3 0.14765625 0.86171875 0.1796875 0.2765625
3 0.20703125 0.878125 0.1515625 0.24375
3 0.30546875 0.89140625 0.1171875 0.2171875
3 0.40859375 0.90703125 0.1328125 0.1859375
3 0.51875 0.9078125 0.15625 0.184375
3 0.6015625 0.90234375 0.184375 0.1953125
3 0.696875 0.896875 0.228125 0.20625