3 0.7375 0.43046875 0.2015625 0.2140625
3 0.63203125 0.39765625 0.24375 0.1890625
3 0.55390625 0.3546875 0.21875 0.1875
3 0.4578125 0.315625 0.2390625 0.196875
3 0.26171875 0.36796875 0.278125 0.1953125
3 0.2734375 0.446875 0.2421875 0.178125
3 0.35078125 0.5125 0.278125 0.225
3 0.4453125 0.55859375 0.2640625 0.2203125
3 0.559375 0.59765625 0.2859375 0.2359375
3 0.7546875 0.6265625 0.2671875 0.215625
3 0.55078125 0.68671875 0.246875 0.1390625
3 0.403125 0.690625 0.1546875 0.10625
3 0.2921875 0.65859375 0.1453125 0.1203125
3 0.22265625 0.59609375 0.159375 0.1328125
3 0.15703125 0.534375 0.140625 0.14375