4 0.5 0.52734375 1 0.7953125
65 0.93984375 0.28671875 0.1203125 0.1765625
65 0.9515625 0.4734375 0.096875 0.21875
65 0.921875 0.6640625 0.15625 0.275
65 0.91328125 0.75 0.1734375 0.234375
65 0.83125 0.5390625 0.2546875 0.246875
65 0.675 0.53359375 0.5421875 0.6890625
3 0.0578125 0.190625 0.115625 0.1625
3 0.2859375 0.26875 0.2390625 0.20625
3 0.215625 0.3234375 0.3015625 0.2375
3 0.059375 0.30859375 0.11875 0.2578125
3 0.13046875 0.3375 0.2609375 0.21875
3 0.07109375 0.7390625 0.1421875 0.28125
3 0.16640625 0.58359375 0.3328125 0.3796875