65 0.33125 0.484375 0.1796875 0.1046875
65 0.33046875 0.54453125 0.1875 0.10625
65 0.3484375 0.59609375 0.2078125 0.121875
65 0.3984375 0.63125 0.1796875 0.1046875
65 0.4484375 0.6828125 0.1515625 0.1359375
65 0.45859375 0.765625 0.140625 0.1484375
65 0.3765625 0.76015625 0.1390625 0.159375
65 0.31953125 0.7484375 0.140625 0.1671875
65 0.26796875 0.70703125 0.153125 0.13125
65 0.23203125 0.675 0.140625 0.1015625
65 0.21875 0.62265625 0.1671875 0.103125
65 0.2390625 0.5515625 0.2109375 0.1234375
65 0.21484375 0.4984375 0.171875 0.1234375
65 0.22578125 0.44453125 0.178125 0.096875
65 0.25078125 0.38984375 0.171875 0.084375