4 0.504578125 0.515390625 0.46271874999999996 0.5225156250000002
65 0.39453125 0.603125 0.2109375 0.1703125
65 0.45078125 0.6 0.2046875 0.1671875
65 0.490625 0.5921875 0.209375 0.1640625
65 0.5453125 0.57890625 0.20625 0.159375
65 0.58984375 0.56796875 0.2078125 0.153125
65 0.62421875 0.54453125 0.1953125 0.15625
65 0.65078125 0.52734375 0.1703125 0.134375
3 0.46328125 0.3234375 0.1078125 0.1234375
3 0.43359375 0.32421875 0.1171875 0.128125
3 0.4140625 0.3390625 0.14375 0.1203125
3 0.38828125 0.35546875 0.1640625 0.125
3 0.353125 0.38984375 0.171875 0.09375
3 0.34921875 0.43125 0.1671875 0.0703125
3 0.3484375 0.4875 0.165625 0.1359375