65 0.9015625 0.5640625 0.196875 0.25
65 0.85 0.4265625 0.16875 0.171875
65 0.8015625 0.31953125 0.1875 0.1859375
65 0.64921875 0.2640625 0.1671875 0.128125
65 0.6703125 0.36484375 0.190625 0.2359375
65 0.69140625 0.45078125 0.1953125 0.2078125
65 0.70703125 0.56015625 0.2359375 0.3046875
65 0.72734375 0.6203125 0.2921875 0.321875
65 0.7328125 0.74375 0.278125 0.275
65 0.5078125 0.25390625 0.1875 0.1359375
65 0.48203125 0.54375 0.2796875 0.55625
65 0.37890625 0.2484375 0.1734375 0.20625
65 0.3453125 0.3234375 0.1875 0.1625
65 0.3390625 0.3828125 0.178125 0.159375
65 0.3 0.48828125 0.203125 0.2203125
65 0.26875 0.66953125 0.228125 0.2953125
65 0.1171875 0.4921875 0.234375 0.24375
65 0.17109375 0.390625 0.1859375 0.18125
65 0.16484375 0.29921875 0.2328125 0.2203125