4 0.5 0.5 1 1
65 0.9125 0.11171875 0.175 0.2234375
65 0.76484375 0.23359375 0.3359375 0.3359375
65 0.55390625 0.3765625 0.3453125 0.25
65 0.35859375 0.5203125 0.3421875 0.315625
65 0.171875 0.6890625 0.34375 0.409375
3 0.14453125 0.1546875 0.2890625 0.309375
3 0.2484375 0.1078125 0.378125 0.215625
3 0.85390625 0.49140625 0.2921875 0.5828125
3 0.746875 0.66484375 0.50625 0.5703125
3 0.6546875 0.7484375 0.690625 0.503125
3 0.4125 0.82890625 0.6875 0.3421875
3 0.1 0.92109375 0.2 0.1578125
36 0.7078125 0.03671875 0.35 0.0734375
36 0.54375 0.0984375 0.275 0.196875
36 0.40078125 0.16015625 0.3453125 0.2828125
36 0.2734375 0.21171875 0.328125 0.2953125
36 0.12890625 0.4046875 0.2578125 0.35