3 0.83359375 0.81875 0.2703125 0.2453125
3 0.778125 0.7703125 0.25 0.2234375
3 0.73515625 0.71171875 0.2609375 0.23125
3 0.64765625 0.60546875 0.3203125 0.303125
3 0.7984375 0.17890625 0.303125 0.271875
3 0.76328125 0.2328125 0.2484375 0.2328125
3 0.7046875 0.278125 0.253125 0.2265625
3 0.62265625 0.33515625 0.2609375 0.278125
3 0.18359375 0.20625 0.2484375 0.2828125
3 0.2125 0.2328125 0.215625 0.2390625
3 0.284375 0.28671875 0.2125 0.2
3 0.31640625 0.3375 0.2421875 0.2265625
3 0.390625 0.59296875 0.2375 0.228125
3 0.34140625 0.6671875 0.2546875 0.2265625
3 0.2765625 0.73125 0.259375 0.2421875
3 0.2109375 0.7828125 0.246875 0.2140625
3 0.1671875 0.82578125 0.25625 0.25625
36 0.1671875 0.52734375 0.2375 0.265625