4 0.49998437500000004 0.5172187500000001 0.33653125 0.45642187500000003
65 0.39921875 0.4828125 0.103125 0.1359375
65 0.41796875 0.46875 0.109375 0.1421875
65 0.42578125 0.4125 0.090625 0.1234375
65 0.503125 0.3953125 0.1796875 0.1890625
3 0.56640625 0.33515625 0.1375 0.078125
3 0.59140625 0.3953125 0.0875 0.0734375
3 0.578125 0.4671875 0.0953125 0.0640625
3 0.5703125 0.521875 0.1203125 0.0734375
3 0.59609375 0.5921875 0.109375 0.0890625
3 0.384375 0.6078125 0.0765625 0.1859375
3 0.396875 0.375 0.0703125 0.1015625
36 0.3734375 0.56328125 0.0921875 0.221875
36 0.47421875 0.5890625 0.1875 0.2109375