4 0.5131875 0.53403125 0.965796875 0.7428750000000001
65 0.64453125 0.4859375 0.2 0.1359375
65 0.78984375 0.45 0.19375 0.1546875
65 0.86796875 0.5328125 0.240625 0.1609375
65 0.74375 0.54921875 0.1890625 0.1375
65 0.60546875 0.5765625 0.178125 0.1328125
65 0.71796875 0.63359375 0.196875 0.125
65 0.57890625 0.68359375 0.18125 0.13125
65 0.59765625 0.7953125 0.20625 0.1765625
65 0.7515625 0.746875 0.2203125 0.1890625
65 0.85234375 0.64296875 0.209375 0.19375
3 0.2328125 0.32109375 0.3703125 0.2375
3 0.246875 0.4578125 0.4671875 0.1765625
3 0.27734375 0.603125 0.46875 0.2515625
3 0.40390625 0.6640625 0.39375 0.3296875