3 0.7765625 0.51328125 0.446875 0.3359375
3 0.78046875 0.36796875 0.4390625 0.2109375
3 0.75703125 0.28828125 0.4140625 0.184375
3 0.72734375 0.23359375 0.3671875 0.2625
3 0.63828125 0.190625 0.2515625 0.2890625
3 0.5515625 0.1890625 0.165625 0.2703125
3 0.45625 0.140625 0.215625 0.28125
3 0.33359375 0.190625 0.3328125 0.2671875
3 0.2609375 0.24609375 0.421875 0.2125
3 0.1921875 0.3390625 0.384375 0.190625
3 0.22578125 0.475 0.4515625 0.3
3 0.19765625 0.6046875 0.3953125 0.403125
3 0.321875 0.65 0.378125 0.4921875
3 0.4859375 0.7328125 0.265625 0.4890625
3 0.6515625 0.66171875 0.384375 0.471875
3 0.75390625 0.59609375 0.4171875 0.421875