14 0.5 0.5 1 1
10 0.1109375 0.878125 0.221875 0.24375
10 0.8765625 0.953125 0.246875 0.09375
10 0.93203125 0.503125 0.1359375 0.209375
10 0.9234375 0.72421875 0.153125 0.1640625
10 0.5953125 0.02265625 0.215625 0.0453125
16 0.68515625 0.221875 0.3921875 0.44375
16 0.30390625 0.51640625 0.5765625 0.7390625
67 0.89375 0.45625 0.2125 0.528125
67 0.8609375 0.17890625 0.278125 0.3578125
50 0.16328125 0.821875 0.3265625 0.35625
68 0.4578125 0.1890625 0.359375 0.378125
68 0.6296875 0.61171875 0.575 0.6796875
34 0.12734375 0.146875 0.2546875 0.29375
34 0.1734375 0.05546875 0.346875 0.1109375
34 0.56875 0.91875 0.4375 0.1625