14 0.5174375 0.540234375 0.8841093750000001 0.84609375
10 0.79765625 0.4015625 0.209375 0.2078125
67 0.56171875 0.40546875 0.29375 0.384375
16 0.26484375 0.534375 0.321875 0.2671875
16 0.59765625 0.73125 0.2625 0.2421875
68 0.45390625 0.6515625 0.28125 0.1515625
68 0.47265625 0.4125 0.2625 0.1171875
50 0.3984375 0.35703125 0.2515625 0.16875
50 0.778125 0.53984375 0.2953125 0.184375
50 0.43515625 0.165625 0.271875 0.2046875
34 0.2390625 0.33046875 0.2109375 0.259375
34 0.29140625 0.734375 0.265625 0.2046875
34 0.66015625 0.22890625 0.240625 0.20625
34 0.80078125 0.61796875 0.1625 0.2625