14 0.4934843750000001 0.5259375000000001 0.7035312499999999 0.6746874999999999
68 0.33828125 0.52265625 0.196875 0.353125
68 0.42421875 0.47734375 0.2125 0.253125
68 0.48125 0.4421875 0.3390625 0.2296875
50 0.575 0.66484375 0.4046875 0.259375
34 0.33125 0.29921875 0.1609375 0.125
34 0.43203125 0.27109375 0.146875 0.14375
34 0.52109375 0.25390625 0.15 0.121875
67 0.7328125 0.390625 0.1078125 0.1140625
67 0.68125 0.34453125 0.1109375 0.10625
67 0.62265625 0.29765625 0.11875 0.090625
67 0.5453125 0.346875 0.0921875 0.0953125
67 0.59921875 0.38125 0.10625 0.1078125
67 0.646875 0.42734375 0.1171875 0.115625