14 0.5 0.5 1 1
10 0.2828125 0.5203125 0.390625 0.359375
10 0.71484375 0.61875 0.2953125 0.24375
10 0.940625 0.66640625 0.11875 0.5203125
16 0.19453125 0.296875 0.3359375 0.590625
16 0.58203125 0.31796875 0.4453125 0.5359375
50 0.071875 0.61640625 0.14375 0.2921875
50 0.246875 0.784375 0.34375 0.3625
50 0.1078125 0.85078125 0.215625 0.2921875
67 0.778125 0.6640625 0.44375 0.490625
67 0.68671875 0.76875 0.6265625 0.4625
68 0.0859375 0.1703125 0.171875 0.340625
34 0.36796875 0.08984375 0.3421875 0.1796875
34 0.60703125 0.0921875 0.2765625 0.184375