14 0.505625 0.5333125 0.8628125000000001 0.554125
10 0.734375 0.64609375 0.1875 0.23125
16 0.821875 0.62109375 0.171875 0.15625
16 0.8109375 0.41953125 0.21875 0.209375
67 0.55078125 0.325 0.2296875 0.1921875
67 0.25546875 0.5359375 0.2953125 0.3515625
68 0.53046875 0.4515625 0.4953125 0.1609375
68 0.571875 0.53203125 0.465625 0.1875
50 0.55703125 0.6203125 0.1953125 0.1640625
50 0.61953125 0.71171875 0.2453125 0.2
34 0.2953125 0.38203125 0.125 0.128125
34 0.26875 0.5296875 0.13125 0.1546875
34 0.40625 0.290625 0.115625 0.1140625
34 0.38359375 0.26796875 0.1421875 0.15625
34 0.42734375 0.39375 0.1296875 0.0984375
34 0.36796875 0.7515625 0.2234375 0.1203125