67 0.54375 0.6078125 0.4140625 0.3140625
67 0.290625 0.340625 0.3328125 0.2484375
68 0.56796875 0.31796875 0.6875 0.1625
68 0.5015625 0.4359375 0.5109375 0.1390625
34 0.07890625 0.4109375 0.13125 0.1421875
34 0.103125 0.57578125 0.1640625 0.215625
34 0.234375 0.5265625 0.1453125 0.1640625
34 0.2125 0.67734375 0.1484375 0.209375
34 0.34296875 0.53671875 0.13125 0.1125
34 0.37109375 0.64375 0.215625 0.1578125
34 0.44375 0.59296875 0.1703125 0.1125
34 0.31796875 0.725 0.1375 0.1234375
34 0.31171875 0.79765625 0.184375 0.10625
34 0.43515625 0.76953125 0.146875 0.2125