67 0.390625 0.61171875 0.128125 0.1296875
67 0.48046875 0.63671875 0.1421875 0.1234375
67 0.34296875 0.57265625 0.1328125 0.1078125
68 0.4625 0.44765625 0.178125 0.1453125
68 0.50390625 0.4796875 0.1828125 0.146875
68 0.5453125 0.5140625 0.196875 0.14375
50 0.60234375 0.55546875 0.1078125 0.0921875
50 0.56015625 0.64375 0.1078125 0.103125
50 0.671875 0.51875 0.128125 0.128125
50 0.6578125 0.59921875 0.109375 0.0921875
34 0.33203125 0.5140625 0.1296875 0.103125
34 0.346875 0.428125 0.146875 0.115625
34 0.42578125 0.3625 0.1484375 0.11875