14 0.5059375 0.51709375 0.6634375 0.6340468750000001
10 0.60390625 0.2640625 0.209375 0.1296875
67 0.41796875 0.29921875 0.26875 0.190625
50 0.340625 0.55625 0.1328125 0.1109375
50 0.521875 0.62265625 0.1859375 0.1125
50 0.70234375 0.56328125 0.1125 0.090625
50 0.74609375 0.48359375 0.1125 0.084375
68 0.45546875 0.4484375 0.25625 0.0953125
68 0.4703125 0.5203125 0.3390625 0.1328125
34 0.3984375 0.69609375 0.1703125 0.16875
34 0.59140625 0.71171875 0.125 0.15
34 0.66640625 0.65625 0.1375 0.1484375