14 0.5 0.53046875 1 0.7984375
10 0.0875 0.525 0.14375 0.23125
10 0.58203125 0.8125 0.3921875 0.134375
10 0.828125 0.69609375 0.13125 0.1640625
10 0.55859375 0.26171875 0.1328125 0.1109375
67 0.42109375 0.33984375 0.2609375 0.2390625
67 0.62109375 0.36640625 0.2203125 0.2515625
67 0.25859375 0.43828125 0.3734375 0.2515625
68 0.6953125 0.42109375 0.328125 0.1921875
68 0.7453125 0.4734375 0.33125 0.203125
68 0.74296875 0.60078125 0.3484375 0.1140625
68 0.65859375 0.684375 0.2734375 0.21875
68 0.56796875 0.72578125 0.2078125 0.2421875
50 0.32890625 0.5765625 0.5078125 0.359375
50 0.44765625 0.63515625 0.5546875 0.3984375