14 0.5 0.52421875 1 0.8109375
67 0.4671875 0.74375 0.2796875 0.2578125
67 0.66953125 0.71171875 0.296875 0.2625
67 0.71171875 0.52578125 0.33125 0.228125
67 0.64375 0.415625 0.2734375 0.2015625
50 0.0828125 0.5203125 0.165625 0.403125
50 0.1515625 0.703125 0.2859375 0.3140625
68 0.19453125 0.45390625 0.296875 0.203125
68 0.22890625 0.3671875 0.378125 0.1765625
68 0.2921875 0.328125 0.3671875 0.1640625
68 0.4015625 0.3109375 0.3921875 0.1859375
34 0.48046875 0.19296875 0.296875 0.203125
34 0.70078125 0.23359375 0.278125 0.221875
34 0.8125 0.35703125 0.2703125 0.215625