14 0.503703125 0.5140625 0.8192031249999999 0.796875
10 0.57265625 0.2359375 0.2453125 0.290625
10 0.36171875 0.15390625 0.0859375 0.1203125
10 0.76171875 0.58046875 0.2296875 0.2390625
67 0.4796875 0.28046875 0.31875 0.3828125
50 0.49140625 0.7015625 0.3609375 0.16875
50 0.4234375 0.79140625 0.325 0.1203125
68 0.59296875 0.4734375 0.3265625 0.3125
68 0.66328125 0.51015625 0.2921875 0.3015625
34 0.65234375 0.765625 0.2328125 0.178125
34 0.77578125 0.63515625 0.1796875 0.1953125
34 0.83203125 0.3921875 0.1453125 0.184375
34 0.2875 0.23046875 0.190625 0.2015625