14 0.5036875000000001 0.515953125 0.694171875 0.5962500000000001
67 0.65859375 0.64609375 0.19375 0.259375
68 0.4546875 0.3890625 0.1609375 0.2140625
68 0.51484375 0.46953125 0.221875 0.25
68 0.571875 0.53828125 0.2703125 0.2
50 0.64765625 0.36640625 0.109375 0.10625
50 0.29375 0.609375 0.1140625 0.1046875
50 0.38984375 0.60859375 0.10625 0.115625
50 0.36953125 0.71953125 0.21875 0.1625
50 0.53046875 0.68515625 0.1125 0.171875
10 0.390625 0.3234375 0.1390625 0.1390625
34 0.32265625 0.515625 0.190625 0.1328125
34 0.30546875 0.36875 0.140625 0.1984375
34 0.57265625 0.2484375 0.1375 0.1390625
34 0.721875 0.3015625 0.1484375 0.1328125
34 0.7671875 0.409375 0.1515625 0.1421875