14 0.5106249999999999 0.5118125 0.6964843749999999 0.49751562499999996
50 0.62265625 0.621875 0.309375 0.1828125
50 0.75625 0.6015625 0.1796875 0.1390625
50 0.79765625 0.490625 0.14375 0.1140625
50 0.77734375 0.40859375 0.140625 0.140625
50 0.70234375 0.36875 0.1125 0.1296875
50 0.5984375 0.35078125 0.1609375 0.10625
68 0.5609375 0.42109375 0.3390625 0.1625
68 0.54453125 0.446875 0.315625 0.1296875
68 0.51171875 0.47421875 0.284375 0.109375
68 0.4609375 0.52890625 0.2765625 0.140625
68 0.42890625 0.60625 0.25625 0.1609375
34 0.47109375 0.6796875 0.13125 0.0953125
63 0.30703125 0.62265625 0.203125 0.115625