14 0.5 0.5 1 1
16 0.09609375 0.3 0.1921875 0.31875
16 0.19765625 0.1890625 0.28125 0.184375
16 0.35859375 0.10078125 0.225 0.1890625
10 0.75546875 0.5078125 0.184375 0.23125
10 0.17421875 0.5546875 0.3484375 0.321875
10 0.24453125 0.80234375 0.309375 0.1609375
67 0.6421875 0.15 0.2390625 0.196875
67 0.70625 0.23359375 0.3859375 0.1828125
68 0.459375 0.2640625 0.3890625 0.240625
68 0.409375 0.3234375 0.3265625 0.19375
68 0.3734375 0.38125 0.3546875 0.253125
68 0.315625 0.42578125 0.3328125 0.2609375
68 0.234375 0.5 0.46875 0.259375