14 0.5 0.5 1 1
10 0.17578125 0.190625 0.3515625 0.378125
10 0.08984375 0.6390625 0.1796875 0.146875
67 0.2859375 0.31875 0.3234375 0.35625
67 0.2546875 0.5515625 0.3328125 0.275
67 0.34609375 0.74296875 0.2375 0.3765625
16 0.6640625 0.77578125 0.4453125 0.3953125
68 0.7765625 0.50859375 0.3265625 0.5703125
68 0.87578125 0.56328125 0.2484375 0.5765625
34 0.06640625 0.453125 0.1328125 0.3
34 0.334375 0.07890625 0.265625 0.1578125
34 0.12421875 0.771875 0.2484375 0.24375
34 0.4375 0.934375 0.296875 0.13125