14 0.5002500000000001 0.51475 0.88046875 0.6522343749999999
10 0.39765625 0.23046875 0.315625 0.1578125
67 0.38515625 0.52109375 0.21875 0.2484375
67 0.41953125 0.2578125 0.3 0.1875
50 0.34609375 0.36640625 0.265625 0.0953125
50 0.4390625 0.6890625 0.1984375 0.1625
68 0.57109375 0.4578125 0.409375 0.146875
34 0.69765625 0.38671875 0.1375 0.1203125
34 0.6734375 0.3109375 0.1140625 0.1375
34 0.7140625 0.215625 0.1140625 0.121875
34 0.78984375 0.3 0.14375 0.125
34 0.82421875 0.4109375 0.171875 0.15