14 0.5265625 0.51328125 0.921875 0.9234375
68 0.29765625 0.403125 0.3015625 0.14375
10 0.4359375 0.27265625 0.296875 0.1109375
10 0.659375 0.4015625 0.4375 0.325
68 0.83046875 0.540625 0.1203125 0.384375
60 0.64453125 0.70390625 0.3203125 0.4140625
60 0.4921875 0.8671875 0.271875 0.128125
60 0.55234375 0.67265625 0.2765625 0.2359375
67 0.6015625 0.271875 0.14375 0.125
67 0.609375 0.11015625 0.109375 0.0921875
34 0.1875 0.396875 0.259375 0.3
34 0.31796875 0.7328125 0.3671875 0.334375
60 0.91015625 0.48203125 0.1171875 0.1984375