14 0.50859375 0.52578125 0.5765625 0.5046875
10 0.5546875 0.6140625 0.2125 0.1625
10 0.53828125 0.4203125 0.1015625 0.096875
67 0.340625 0.52109375 0.103125 0.1078125
67 0.38125 0.62265625 0.10625 0.0984375
68 0.39921875 0.51328125 0.1390625 0.1828125
68 0.45546875 0.4734375 0.1359375 0.178125
68 0.5078125 0.47265625 0.165625 0.1953125
34 0.28828125 0.44296875 0.1140625 0.1390625
34 0.35625 0.365625 0.134375 0.134375
34 0.44296875 0.3265625 0.0984375 0.13125
34 0.51953125 0.3265625 0.0890625 0.128125