14 0.47739062499999996 0.52671875 0.7916562500000002 0.6824999999999999
10 0.63046875 0.58125 0.2203125 0.1890625
10 0.35390625 0.72890625 0.1796875 0.1875
67 0.6765625 0.51875 0.46875 0.2546875
68 0.41796875 0.6546875 0.2546875 0.2296875
68 0.4359375 0.58828125 0.25625 0.265625
50 0.26015625 0.51484375 0.1453125 0.28125
50 0.1859375 0.46015625 0.09375 0.2625
34 0.63203125 0.36015625 0.1578125 0.146875
34 0.21328125 0.64140625 0.1484375 0.184375
34 0.31328125 0.7453125 0.1578125 0.1296875
34 0.503125 0.78125 0.15 0.1140625