70 0.7875 0.45625 0.2 0.1375
70 0.7546875 0.71171875 0.215625 0.1640625
70 0.56171875 0.79375 0.2015625 0.16875
70 0.3765625 0.78203125 0.2125 0.1859375
70 0.23125 0.72421875 0.20625 0.1734375
70 0.23828125 0.35390625 0.2015625 0.1546875
70 0.31640625 0.27421875 0.1515625 0.0765625
70 0.43515625 0.3625 0.1546875 0.1375
70 0.39140625 0.23515625 0.1390625 0.0953125
70 0.46953125 0.2828125 0.1203125 0.09375
70 0.5109375 0.21171875 0.125 0.0859375
70 0.60078125 0.2578125 0.1640625 0.06875
70 0.60625 0.33671875 0.1375 0.1109375
70 0.70234375 0.315625 0.1703125 0.10625
10 0.596875 0.63046875 0.465625 0.3140625
10 0.15078125 0.60078125 0.1765625 0.1859375