70 0.38046875 0.54765625 0.071875 0.0671875
70 0.4390625 0.56796875 0.0734375 0.0609375
70 0.50859375 0.61171875 0.06875 0.0796875
70 0.44296875 0.6234375 0.08125 0.078125
70 0.40625 0.6578125 0.0765625 0.071875
70 0.4609375 0.6828125 0.0703125 0.065625
70 0.35859375 0.6953125 0.075 0.071875
70 0.4140625 0.7140625 0.0703125 0.071875
70 0.48359375 0.71796875 0.078125 0.0671875
63 0.321875 0.359375 0.1296875 0.075
63 0.31328125 0.41953125 0.153125 0.1015625
63 0.3015625 0.4859375 0.1671875 0.103125
63 0.27578125 0.5671875 0.146875 0.10625
63 0.30546875 0.60390625 0.140625 0.0859375
63 0.34375 0.6359375 0.1609375 0.115625