15 0.50859375 0.5203125 0.9828125 0.721875
70 0.2875 0.69921875 0.2140625 0.190625
70 0.14375 0.5109375 0.1453125 0.1859375
70 0.2921875 0.53125 0.1828125 0.1609375
70 0.259375 0.4015625 0.1765625 0.1203125
70 0.25546875 0.26328125 0.165625 0.109375
70 0.1890625 0.353125 0.1703125 0.1046875
10 0.615625 0.3953125 0.1328125 0.1328125
63 0.38828125 0.4140625 0.171875 0.2734375
63 0.52265625 0.453125 0.240625 0.3453125
10 0.44296875 0.64296875 0.178125 0.184375
63 0.5390625 0.24921875 0.3328125 0.171875