15 0.5 0.534375 1 0.846875
70 0.44375 0.740625 0.221875 0.25
70 0.57265625 0.8796875 0.2421875 0.178125
70 0.60703125 0.7046875 0.2078125 0.203125
70 0.83359375 0.76796875 0.2484375 0.2578125
70 0.6 0.49453125 0.175 0.2046875
70 0.65 0.2921875 0.153125 0.18125
70 0.72734375 0.20234375 0.2015625 0.1921875
70 0.7515625 0.38359375 0.175 0.1578125
70 0.9171875 0.61640625 0.165625 0.2171875
70 0.91484375 0.375 0.1703125 0.203125
70 0.76796875 0.48046875 0.1703125 0.1640625
70 0.72265625 0.5921875 0.1953125 0.165625
63 0.45546875 0.42578125 0.2234375 0.3203125
63 0.16015625 0.484375 0.3203125 0.53125
10 0.28984375 0.87890625 0.3859375 0.1796875