70 0.44921875 0.3859375 0.0890625 0.0859375
70 0.54921875 0.4078125 0.1078125 0.0921875
70 0.49453125 0.4546875 0.0984375 0.0921875
70 0.37265625 0.43984375 0.0703125 0.103125
70 0.390625 0.41015625 0.08125 0.08125
70 0.57109375 0.48828125 0.0953125 0.1
70 0.45546875 0.5421875 0.1015625 0.0859375
70 0.40546875 0.5984375 0.0921875 0.0984375
70 0.48671875 0.621875 0.1046875 0.1015625
70 0.51796875 0.53125 0.0859375 0.0890625
70 0.559375 0.59375 0.096875 0.0953125
70 0.3796875 0.51875 0.04375 0.0765625