15 0.51015625 0.528125 0.9796875 0.846875
10 0.253125 0.4578125 0.4109375 0.421875
10 0.6015625 0.82890625 0.4328125 0.2109375
70 0.68671875 0.40859375 0.16875 0.1484375
70 0.7078125 0.3140625 0.1609375 0.115625
70 0.83984375 0.40546875 0.1625 0.1421875
70 0.74296875 0.5203125 0.165625 0.153125
70 0.871875 0.528125 0.1734375 0.153125
63 0.25546875 0.7171875 0.25625 0.2125
63 0.2921875 0.8109375 0.2609375 0.2
63 0.39375 0.646875 0.2578125 0.21875
63 0.475 0.57109375 0.2796875 0.2515625
63 0.53125 0.5015625 0.2734375 0.184375