70 0.3796875 0.29453125 0.240625 0.2390625
70 0.23515625 0.321875 0.1515625 0.19375
70 0.13203125 0.37890625 0.2390625 0.2046875
70 0.11953125 0.56015625 0.2390625 0.2609375
70 0.31953125 0.484375 0.2484375 0.2125
70 0.4265625 0.21015625 0.196875 0.1453125
70 0.59453125 0.23125 0.1984375 0.20625
70 0.77421875 0.22578125 0.2234375 0.1703125
70 0.88203125 0.309375 0.2171875 0.2
70 0.27265625 0.6734375 0.2578125 0.2625
70 0.5015625 0.5921875 0.265625 0.209375
70 0.66171875 0.50703125 0.2359375 0.2140625
70 0.89609375 0.46171875 0.2078125 0.2171875
70 0.83828125 0.61328125 0.2578125 0.2640625
70 0.678125 0.728125 0.2625 0.271875
70 0.45859375 0.7625 0.2515625 0.2375
70 0.50703125 0.4109375 0.2640625 0.23125
70 0.69921875 0.346875 0.2265625 0.20625