15 0.5 0.50625 1 0.9875
70 0.5765625 0.05859375 0.221875 0.1171875
70 0.475 0.14140625 0.196875 0.1234375
70 0.74609375 0.1984375 0.1890625 0.165625
70 0.0875 0.6875 0.175 0.23125
70 0.16640625 0.80625 0.2359375 0.215625
70 0.3546875 0.7328125 0.2625 0.234375
70 0.47265625 0.58125 0.2515625 0.19375
70 0.78828125 0.51640625 0.2578125 0.2796875
70 0.94609375 0.5234375 0.1078125 0.215625
70 0.57421875 0.73515625 0.2453125 0.2609375
70 0.3078125 0.9078125 0.31875 0.184375
70 0.5546875 0.90546875 0.271875 0.1890625
10 0.3421875 0.35859375 0.28125 0.3171875
63 0.2765625 0.509375 0.3125 0.4