70 0.059375 0.11171875 0.11875 0.2234375
70 0.1375 0.50859375 0.275 0.2734375
70 0.27265625 0.64140625 0.2734375 0.31875
70 0.0765625 0.80234375 0.153125 0.3203125
70 0.1765625 0.26328125 0.265625 0.26875
70 0.403125 0.18125 0.2375 0.2515625
70 0.18515625 0.0703125 0.2609375 0.140625
70 0.4140625 0.04453125 0.2375 0.0890625
70 0.6625 0.09140625 0.26875 0.1828125
70 0.8546875 0.1859375 0.290625 0.25
70 0.39921875 0.40703125 0.2484375 0.25
70 0.6046875 0.27421875 0.315625 0.275
70 0.89140625 0.3828125 0.2171875 0.271875
70 0.6828125 0.50625 0.3125 0.2640625
70 0.57109375 0.65703125 0.3109375 0.3
70 0.3015625 0.8828125 0.325 0.234375
70 0.5828125 0.88671875 0.334375 0.2265625
70 0.82734375 0.85 0.3109375 0.3
70 0.88984375 0.61171875 0.2203125 0.3265625