14 0.51640625 0.51965625 0.840625 0.5903593749999999
10 0.30703125 0.61796875 0.2375 0.090625
10 0.4140625 0.5140625 0.2984375 0.1953125
10 0.559375 0.6140625 0.1265625 0.2265625
10 0.81328125 0.60859375 0.1125 0.1375
67 0.665625 0.58203125 0.2515625 0.171875
67 0.278125 0.503125 0.1796875 0.2078125
50 0.4953125 0.44296875 0.1734375 0.13125
50 0.496875 0.63984375 0.1546875 0.125
50 0.78984375 0.51953125 0.15 0.1875
65 0.740625 0.4171875 0.1453125 0.2265625
65 0.6546875 0.3609375 0.1609375 0.2171875
65 0.5671875 0.3234375 0.1734375 0.2078125
65 0.43125 0.31015625 0.1609375 0.1875