69 0.3078125 0.6828125 0.159375 0.1265625
69 0.54296875 0.41484375 0.1234375 0.09375
50 0.40625 0.5859375 0.115625 0.1171875
50 0.3484375 0.5171875 0.13125 0.1078125
50 0.42421875 0.48125 0.0953125 0.0921875
50 0.48359375 0.50703125 0.1078125 0.109375
50 0.55078125 0.59296875 0.1140625 0.10625
50 0.528125 0.7234375 0.1875 0.2140625
50 0.67578125 0.59609375 0.1265625 0.10625
50 0.659375 0.503125 0.11875 0.1109375
50 0.60390625 0.5515625 0.1359375 0.1265625
50 0.6125 0.4515625 0.10625 0.1046875
60 0.425 0.41796875 0.134375 0.078125