16 0.5109375 0.44453125 0.165625 0.140625
16 0.51640625 0.33828125 0.1734375 0.121875
10 0.67578125 0.37890625 0.2484375 0.2
10 0.55546875 0.49140625 0.3453125 0.171875
10 0.52265625 0.66171875 0.0984375 0.18125
10 0.67109375 0.6828125 0.1734375 0.1484375
67 0.68203125 0.53203125 0.2640625 0.18125
67 0.60234375 0.60546875 0.2265625 0.19375
65 0.428125 0.5390625 0.065625 0.1328125
65 0.45390625 0.5515625 0.0484375 0.1203125
65 0.36953125 0.60234375 0.1359375 0.134375
65 0.3640625 0.72578125 0.21875 0.115625
65 0.36015625 0.50546875 0.1515625 0.15
55 0.4375 0.36015625 0.321875 0.203125