16 0.41640625 0.51796875 0.1125 0.0484375
16 0.4171875 0.4859375 0.0984375 0.034375
16 0.446875 0.43984375 0.0703125 0.0703125
10 0.42109375 0.46328125 0.09375 0.0546875
10 0.4890625 0.5828125 0.2453125 0.128125
10 0.509375 0.4265625 0.1484375 0.06875
65 0.55625 0.453125 0.1046875 0.05
65 0.58671875 0.484375 0.115625 0.040625
65 0.6171875 0.53984375 0.0578125 0.0921875
65 0.59453125 0.53359375 0.10625 0.0484375
67 0.51640625 0.56796875 0.065625 0.0859375
67 0.4953125 0.57109375 0.0515625 0.0703125
67 0.44609375 0.5796875 0.08125 0.078125