16 0.54140625 0.38984375 0.0984375 0.1546875
16 0.48125 0.39296875 0.1 0.1328125
16 0.4359375 0.40078125 0.134375 0.1015625
16 0.4328125 0.46875 0.121875 0.115625
16 0.31328125 0.440625 0.1984375 0.096875
16 0.471875 0.55859375 0.10625 0.1109375
16 0.5734375 0.60234375 0.115625 0.1546875
16 0.35859375 0.57421875 0.1703125 0.1203125
16 0.4 0.6015625 0.115625 0.134375
16 0.4609375 0.63828125 0.11875 0.1140625
16 0.26328125 0.58671875 0.1234375 0.0921875
16 0.284375 0.51328125 0.134375 0.0765625
67 0.6484375 0.390625 0.09375 0.10625
67 0.68125 0.44765625 0.11875 0.1265625
67 0.7140625 0.5015625 0.125 0.13125
67 0.7015625 0.60546875 0.121875 0.1515625
67 0.76796875 0.53984375 0.0703125 0.1078125
67 0.62265625 0.54140625 0.0953125 0.1546875
67 0.59765625 0.4625 0.0890625 0.121875