16 0.53046875 0.58984375 0.1796875 0.1546875
16 0.6 0.684375 0.1375 0.171875
10 0.6328125 0.26875 0.178125 0.15
10 0.440625 0.36953125 0.246875 0.3484375
10 0.421875 0.7046875 0.34375 0.19375
10 0.6828125 0.6671875 0.11875 0.125
67 0.31328125 0.575 0.1171875 0.1625
67 0.415625 0.584375 0.15 0.1375
67 0.2859375 0.59453125 0.13125 0.1390625
65 0.253125 0.3953125 0.075 0.19375
65 0.3125 0.3859375 0.05625 0.159375
65 0.3625 0.2953125 0.140625 0.084375
55 0.50625 0.2265625 0.25 0.190625
55 0.50859375 0.33984375 0.1171875 0.1609375