10 0.525 0.30625 0.3140625 0.1546875
10 0.3328125 0.38828125 0.1828125 0.115625
10 0.4796875 0.64921875 0.5296875 0.259375
16 0.32421875 0.5046875 0.246875 0.0953125
16 0.32734375 0.44296875 0.23125 0.071875
16 0.403125 0.33203125 0.1546875 0.128125
67 0.5359375 0.6203125 0.1453125 0.1796875
67 0.4625 0.6390625 0.1671875 0.1828125
67 0.384375 0.64453125 0.1765625 0.171875
65 0.71328125 0.54296875 0.228125 0.1
65 0.75859375 0.55859375 0.14375 0.20625
65 0.6765625 0.4375 0.2671875 0.0921875
65 0.634375 0.36953125 0.2140625 0.11875