12 0.5 0.51953125 1 0.9609375
16 0.13203125 0.61953125 0.2640625 0.4171875
16 0.37109375 0.55390625 0.3640625 0.3953125
16 0.12578125 0.47421875 0.2515625 0.2890625
16 0.33359375 0.796875 0.4984375 0.284375
10 0.14609375 0.30078125 0.2921875 0.2359375
67 0.8234375 0.37109375 0.340625 0.1828125
67 0.83671875 0.56875 0.3265625 0.265625
67 0.96015625 0.503125 0.0796875 0.246875
67 0.91171875 0.5859375 0.1765625 0.2625
67 0.72734375 0.68828125 0.4203125 0.2859375
10 0.65859375 0.8625 0.2640625 0.1375
55 0.4890625 0.2171875 0.978125 0.434375