10 0.3640625 0.496875 0.459375 0.265625
10 0.125 0.7140625 0.25 0.290625
10 0.76875 0.740625 0.4625 0.4625
16 0.10078125 0.46953125 0.2015625 0.1859375
16 0.14609375 0.5140625 0.2390625 0.2125
16 0.1796875 0.5953125 0.246875 0.25
67 0.4296875 0.6171875 0.26875 0.26875
67 0.43203125 0.83828125 0.3046875 0.2578125
67 0.628125 0.74375 0.396875 0.225
67 0.29375 0.7921875 0.29375 0.3125
16 0.065625 0.37734375 0.13125 0.1453125
65 0.23828125 0.23984375 0.2859375 0.1515625
65 0.23125 0.30625 0.253125 0.15
65 0.3078125 0.315625 0.278125 0.203125
65 0.38828125 0.375 0.2234375 0.18125