16 0.409375 0.41640625 0.0875 0.09375
10 0.53359375 0.6359375 0.0453125 0.0578125
67 0.55625 0.484375 0.071875 0.0765625
67 0.50078125 0.440625 0.0796875 0.0765625
67 0.42109375 0.4609375 0.0765625 0.0640625
67 0.47265625 0.50546875 0.1015625 0.09375
67 0.47109375 0.58359375 0.0859375 0.09375
67 0.50078125 0.5890625 0.1140625 0.0765625
67 0.53671875 0.52109375 0.0859375 0.08125
65 0.37265625 0.5234375 0.0328125 0.0609375
65 0.4078125 0.534375 0.05625 0.0453125
65 0.42734375 0.5875 0.0546875 0.0390625