16 0.70078125 0.703125 0.4078125 0.315625
16 0.7921875 0.59453125 0.403125 0.3921875
16 0.80078125 0.478125 0.3984375 0.515625
16 0.86328125 0.40546875 0.2734375 0.3328125
16 0.94609375 0.3609375 0.1078125 0.25
67 0.6 0.134375 0.3125 0.14375
67 0.415625 0.240625 0.303125 0.2375
67 0.74453125 0.2515625 0.3953125 0.19375
55 0.1265625 0.46328125 0.253125 0.5921875
55 0.23046875 0.76796875 0.4609375 0.4140625
55 0.45234375 0.7578125 0.5515625 0.484375
9 0.54375 0.40625 0.31875 0.315625
9 0.24140625 0.27734375 0.4828125 0.4484375