16 0.521875 0.55703125 0.15 0.209375
16 0.40234375 0.5671875 0.1359375 0.1703125
10 0.6140625 0.40234375 0.209375 0.3125
10 0.3578125 0.421875 0.184375 0.1921875
10 0.59140625 0.69921875 0.1390625 0.11875
67 0.50078125 0.353125 0.1609375 0.1265625
67 0.478125 0.45625 0.15625 0.1421875
65 0.69765625 0.4578125 0.1171875 0.0828125
65 0.62265625 0.575 0.1078125 0.2015625
65 0.66171875 0.575 0.1171875 0.1734375
65 0.72734375 0.54765625 0.0390625 0.146875
55 0.371875 0.459375 0.134375 0.1546875
55 0.61015625 0.40390625 0.1359375 0.1375
55 0.484375 0.634375 0.1 0.1421875
55 0.5609375 0.715625 0.140625 0.1046875