16 0.55390625 0.5578125 0.1125 0.084375
16 0.578125 0.5234375 0.1046875 0.109375
16 0.59140625 0.49921875 0.121875 0.1359375
16 0.61328125 0.47421875 0.1 0.0859375
16 0.64453125 0.46171875 0.071875 0.0640625
67 0.478125 0.43046875 0.0765625 0.0640625
67 0.52734375 0.40078125 0.084375 0.0359375
67 0.56171875 0.4328125 0.109375 0.059375
55 0.37265625 0.49140625 0.121875 0.1640625
55 0.41640625 0.56640625 0.1125 0.0828125
55 0.44140625 0.55 0.103125 0.115625
55 0.51171875 0.596875 0.096875 0.109375
9 0.42734375 0.44375 0.134375 0.11875
9 0.5171875 0.47421875 0.0734375 0.0734375