27 0.53515625 0.53125 0.9296875 0.9375
24 0.58359375 0.28984375 0.7390625 0.5796875
62 0.45703125 0.5875 0.2984375 0.1671875
62 0.403125 0.72578125 0.246875 0.325
62 0.43203125 0.78203125 0.3265625 0.3
62 0.38984375 0.91328125 0.2046875 0.1734375
62 0.5578125 0.92734375 0.175 0.1453125
62 0.75546875 0.7859375 0.2890625 0.2734375
62 0.87734375 0.5265625 0.2296875 0.1421875
62 0.88984375 0.69609375 0.2203125 0.2078125
55 0.75859375 0.60390625 0.4546875 0.271875
55 0.55546875 0.81484375 0.1890625 0.18125
55 0.8953125 0.69765625 0.209375 0.4140625