27 0.5034375 0.5284375 0.7884375 0.7134375000000001
24 0.25703125 0.47421875 0.134375 0.171875
24 0.77578125 0.46953125 0.1625 0.159375
24 0.75625 0.6625 0.1265625 0.1203125
62 0.50859375 0.375 0.48125 0.3640625
62 0.6609375 0.221875 0.2296875 0.1640625
62 0.61875 0.63671875 0.3890625 0.23125
62 0.25234375 0.49609375 0.1 0.146875
62 0.26796875 0.5734375 0.271875 0.0640625
62 0.296875 0.68515625 0.1828125 0.1625
55 0.4671875 0.184375 0.1640625 0.1359375
55 0.2984375 0.30390625 0.1046875 0.13125
55 0.440625 0.33515625 0.1515625 0.128125
55 0.7828125 0.428125 0.1515625 0.1609375