24 0.3390625 0.68984375 0.0921875 0.0875
24 0.51640625 0.71328125 0.25 0.0875
24 0.6796875 0.5453125 0.1859375 0.3140625
62 0.4984375 0.38359375 0.1984375 0.121875
62 0.56171875 0.3421875 0.1875 0.0640625
62 0.64765625 0.3859375 0.225 0.0671875
62 0.490625 0.484375 0.1296875 0.1484375
62 0.428125 0.60078125 0.1140625 0.203125
62 0.51328125 0.63515625 0.10625 0.18125
62 0.61640625 0.6046875 0.209375 0.2421875
62 0.6359375 0.46796875 0.1953125 0.06875
55 0.25625 0.37109375 0.0984375 0.225
55 0.44921875 0.25390625 0.30625 0.14375
69 0.41015625 0.41953125 0.1 0.115625