27 0.5 0.55 1 0.78125
24 0.3484375 0.29453125 0.19375 0.1984375
24 0.1875 0.41015625 0.196875 0.2546875
24 0.2328125 0.66015625 0.30625 0.2546875
24 0.565625 0.7171875 0.425 0.196875
24 0.76640625 0.4046875 0.1953125 0.184375
24 0.796875 0.60703125 0.128125 0.2578125
62 0.54921875 0.3171875 0.3296875 0.209375
62 0.68671875 0.5328125 0.2078125 0.30625
62 0.559375 0.5359375 0.21875 0.33125
62 0.4359375 0.528125 0.1625 0.24375
62 0.3671875 0.47421875 0.240625 0.2859375
62 0.28046875 0.421875 0.1953125 0.290625