27 0.43606249999999996 0.5252656250000001 0.7767968749999999 0.88021875
24 0.490625 0.15546875 0.1546875 0.1625
24 0.71484375 0.35234375 0.146875 0.209375
24 0.79375 0.4703125 0.1109375 0.1734375
24 0.459375 0.809375 0.4265625 0.1921875
24 0.171875 0.68984375 0.2390625 0.2125
24 0.125 0.29765625 0.1140625 0.1375
62 0.2265625 0.2625 0.3265625 0.2921875
62 0.61484375 0.171875 0.23125 0.2421875
62 0.71015625 0.446875 0.2 0.3046875
62 0.659375 0.74765625 0.2390625 0.265625
62 0.39140625 0.7546875 0.225 0.1515625
62 0.23515625 0.784375 0.16875 0.1265625
62 0.1796875 0.6296875 0.2046875 0.0984375
62 0.16015625 0.39921875 0.178125 0.171875
55 0.6953125 0.5859375 0.2046875 0.1953125
55 0.66953125 0.7765625 0.159375 0.1328125
55 0.17890625 0.24140625 0.19375 0.15625
55 0.31171875 0.3 0.171875 0.1515625
55 0.5359375 0.3796875 0.1546875 0.1234375
69 0.5640625 0.48046875 0.1609375 0.15625
69 0.4359375 0.4703125 0.1328125 0.1296875
69 0.49921875 0.55546875 0.121875 0.125
69 0.39375 0.58828125 0.1609375 0.16875
69 0.296875 0.653125 0.1203125 0.1015625
69 0.41953125 0.7 0.11875 0.1109375
69 0.5625 0.60390625 0.1109375 0.1375
69 0.89921875 0.08515625 0.10625 0.1