62 0.6453125 0.89609375 0.409375 0.2078125
62 0.775 0.64453125 0.2265625 0.4421875
62 0.88359375 0.5125 0.2328125 0.228125
62 0.60078125 0.3734375 0.234375 0.725
62 0.4046875 0.2 0.2859375 0.225
62 0.38046875 0.640625 0.2375 0.409375
62 0.07734375 0.7203125 0.1546875 0.215625
55 0.0921875 0.8546875 0.184375 0.26875
55 0.5859375 0.84453125 0.4734375 0.2828125
55 0.7328125 0.23046875 0.2828125 0.2078125
55 0.5046875 0.3171875 0.3796875 0.228125
55 0.93984375 0.4515625 0.1203125 0.225
55 0.05390625 0.346875 0.1078125 0.475
55 0.25703125 0.10078125 0.3671875 0.2015625
55 0.653125 0.0765625 0.44375 0.153125