24 0.771875 0.5171875 0.2171875 0.2703125
24 0.40390625 0.80625 0.3625 0.2796875
24 0.14375 0.665625 0.1390625 0.1984375
62 0.7734375 0.578125 0.2859375 0.3015625
62 0.72265625 0.7640625 0.146875 0.2578125
62 0.6609375 0.77734375 0.1265625 0.221875
62 0.54296875 0.80625 0.14375 0.1703125
62 0.5515625 0.46796875 0.2578125 0.25
62 0.2109375 0.52734375 0.2234375 0.38125
62 0.26328125 0.70625 0.20625 0.1359375
55 0.71015625 0.28359375 0.3625 0.321875
69 0.13984375 0.38515625 0.115625 0.11875
69 0.5390625 0.62265625 0.0984375 0.1