27 0.5003124999999999 0.526875 0.8134375 0.7165625
24 0.6890625 0.52890625 0.1890625 0.25625
24 0.5078125 0.64296875 0.1796875 0.171875
24 0.3296875 0.61484375 0.1640625 0.178125
24 0.28125 0.45390625 0.1359375 0.1625
62 0.44765625 0.60234375 0.25 0.25625
62 0.34921875 0.51328125 0.203125 0.103125
62 0.5765625 0.42265625 0.1890625 0.1375
62 0.58515625 0.32578125 0.24375 0.153125
55 0.78046875 0.39609375 0.203125 0.134375
55 0.596875 0.2796875 0.3765625 0.1453125
55 0.34609375 0.2546875 0.253125 0.2265625
55 0.24296875 0.37109375 0.296875 0.2625
69 0.37890625 0.35390625 0.078125 0.071875
69 0.43984375 0.3203125 0.09375 0.0921875