47 0.501171875 0.501703125 0.48046875 0.5846562500000001
63 0.54453125 0.65 0.23125 0.203125
63 0.36328125 0.3171875 0.1625 0.159375
63 0.3453125 0.62890625 0.1359375 0.2203125
42 0.646875 0.559375 0.1359375 0.14375
0 0.63125 0.44375 0.1171875 0.153125
0 0.5984375 0.3390625 0.1171875 0.090625
0 0.5578125 0.278125 0.1578125 0.090625
63 0.51640625 0.32421875 0.109375 0.1046875
0 0.4265625 0.30078125 0.1140625 0.1046875
0 0.39140625 0.3875 0.121875 0.11875
0 0.30546875 0.459375 0.090625 0.09375
0 0.45625 0.48125 0.1046875 0.128125
0 0.51015625 0.403125 0.1125 0.096875
0 0.546875 0.43984375 0.1390625 0.1671875
0 0.5421875 0.55546875 0.1453125 0.1203125
0 0.43828125 0.6421875 0.125 0.115625
0 0.428125 0.54921875 0.1140625 0.1234375