47 0.5 0.53359375 1 0.9328125
63 0.784375 0.47265625 0.26875 0.484375
63 0.7203125 0.6484375 0.29375 0.5703125
63 0.6609375 0.65 0.284375 0.3390625
63 0.50234375 0.66796875 0.3578125 0.303125
63 0.4109375 0.8265625 0.521875 0.3234375
42 0.1984375 0.52265625 0.396875 0.6515625
42 0.87421875 0.64375 0.2515625 0.453125
42 0.60234375 0.9265625 0.4984375 0.146875
42 0.7515625 0.14375 0.2 0.2171875
0 0.0765625 0.246875 0.153125 0.284375
0 0.028125 0.41875 0.05625 0.240625
0 0.0328125 0.57890625 0.065625 0.2109375
0 0.9484375 0.3125 0.103125 0.228125
0 0.97265625 0.56953125 0.0546875 0.2578125
0 0.8859375 0.76171875 0.228125 0.1609375