47 0.503125 0.5140625 0.503125 0.3453125
63 0.39765625 0.4734375 0.1546875 0.0984375
63 0.53515625 0.46484375 0.1765625 0.1
63 0.66796875 0.48359375 0.1203125 0.11875
63 0.5375 0.55234375 0.1875 0.065625
42 0.57734375 0.434375 0.1453125 0.0640625
0 0.55546875 0.478125 0.0921875 0.0953125
0 0.7203125 0.51484375 0.06875 0.071875
0 0.6453125 0.54296875 0.11875 0.084375
0 0.53203125 0.5390625 0.1171875 0.0828125
0 0.43984375 0.4625 0.1078125 0.0984375
0 0.359375 0.5203125 0.075 0.0609375
0 0.41328125 0.53671875 0.0953125 0.06875