47 0.5 0.5171875 1 0.965625
63 0.43671875 0.65078125 0.49375 0.478125
63 0.80546875 0.51171875 0.3890625 0.3921875
63 0.4 0.3109375 0.5109375 0.4796875
42 0.146875 0.35546875 0.2265625 0.503125
42 0.75 0.27109375 0.2984375 0.23125
42 0.97578125 0.875 0.0484375 0.25
0 0.35234375 0.1796875 0.225 0.1671875
0 0.5265625 0.32109375 0.2984375 0.21875
0 0.4015625 0.38671875 0.2703125 0.24375
0 0.41328125 0.49921875 0.240625 0.209375
0 0.66875 0.42421875 0.1703125 0.275
0 0.78359375 0.50703125 0.171875 0.18125
0 0.91171875 0.490625 0.1765625 0.26875
0 0.96796875 0.7296875 0.0640625 0.259375
0 0.8875 0.7265625 0.225 0.225
0 0.71875 0.70546875 0.3546875 0.340625