47 0.50328125 0.5142187500000001 0.34812499999999996 0.24343749999999997
63 0.42734375 0.465625 0.1125 0.075
63 0.40390625 0.55390625 0.1125 0.1328125
63 0.43203125 0.584375 0.103125 0.103125
63 0.53203125 0.58515625 0.10625 0.1015625
63 0.60546875 0.59140625 0.096875 0.0828125
63 0.51640625 0.52421875 0.046875 0.0484375
63 0.56875 0.5265625 0.0828125 0.08125
42 0.61953125 0.55 0.0375 0.05625
0 0.49140625 0.42265625 0.121875 0.0828125
0 0.52265625 0.45703125 0.096875 0.1015625
0 0.590625 0.48984375 0.1140625 0.0828125
0 0.5984375 0.45390625 0.1078125 0.0765625