47 0.50390625 0.5234375 0.609375 0.56875
63 0.41640625 0.340625 0.1546875 0.121875
63 0.44296875 0.53359375 0.1796875 0.23125
63 0.59765625 0.55625 0.1234375 0.2671875
42 0.3109375 0.509375 0.1609375 0.2171875
42 0.6328125 0.66640625 0.253125 0.2109375
0 0.47421875 0.728125 0.1484375 0.1
0 0.4921875 0.32734375 0.11875 0.1140625
0 0.56875 0.3421875 0.153125 0.134375
0 0.628125 0.43828125 0.140625 0.103125
0 0.4375 0.43125 0.153125 0.1359375
0 0.478125 0.52890625 0.103125 0.146875
0 0.53984375 0.4625 0.0984375 0.1046875
0 0.55234375 0.52421875 0.1390625 0.14375
0 0.66328125 0.5140625 0.146875 0.1234375