63 0.53359375 0.66171875 0.2640625 0.39375
63 0.8484375 0.55546875 0.265625 0.21875
63 0.63125 0.23203125 0.228125 0.13125
63 0.72265625 0.28984375 0.3203125 0.1875
63 0.31640625 0.41015625 0.1296875 0.159375
63 0.37421875 0.5859375 0.1515625 0.2265625
42 0.7953125 0.70703125 0.209375 0.178125
0 0.1984375 0.44765625 0.1875 0.209375
0 0.25 0.56328125 0.246875 0.19375
0 0.21328125 0.6765625 0.2171875 0.1703125
0 0.296875 0.62734375 0.171875 0.159375
0 0.31328125 0.7171875 0.2265625 0.1734375
0 0.64609375 0.71640625 0.2171875 0.203125
0 0.8015625 0.40390625 0.2625 0.1375
0 0.8359375 0.4828125 0.18125 0.1984375
0 0.69921875 0.51875 0.1703125 0.1921875
0 0.70234375 0.62421875 0.1390625 0.14375
0 0.41015625 0.371875 0.1828125 0.1078125
0 0.45859375 0.42421875 0.2765625 0.15