47 0.501875 0.5284375 0.7275 0.6384375
63 0.3125 0.43125 0.228125 0.2234375
63 0.47109375 0.390625 0.1859375 0.2828125
63 0.25546875 0.59921875 0.1484375 0.140625
63 0.39296875 0.615625 0.2640625 0.1671875
42 0.34296875 0.28046875 0.2390625 0.165625
42 0.21015625 0.465625 0.0796875 0.1515625
42 0.4140625 0.6953125 0.303125 0.2046875
0 0.38984375 0.56484375 0.1703125 0.146875
0 0.471875 0.375 0.134375 0.0984375
0 0.5671875 0.36796875 0.10625 0.084375
0 0.5234375 0.41875 0.128125 0.1234375
0 0.50859375 0.54921875 0.1203125 0.1125
0 0.60859375 0.540625 0.1171875 0.1671875
0 0.64296875 0.55703125 0.1828125 0.13125