47 0.500390625 0.531640625 0.85078125 0.55234375
63 0.4890625 0.35703125 0.1953125 0.1921875
63 0.6546875 0.36328125 0.2453125 0.2046875
63 0.8015625 0.371875 0.1109375 0.140625
63 0.70390625 0.5421875 0.25625 0.146875
42 0.25078125 0.478125 0.175 0.26875
42 0.365625 0.34296875 0.1578125 0.1515625
0 0.61640625 0.37265625 0.175 0.1328125
0 0.57265625 0.4859375 0.121875 0.15
0 0.64296875 0.546875 0.134375 0.134375
0 0.54296875 0.515625 0.165625 0.128125
0 0.48828125 0.54765625 0.165625 0.1109375
0 0.3875 0.5640625 0.1640625 0.10625
0 0.465625 0.63984375 0.0828125 0.0640625