47 0.5003124999999999 0.5253125 0.7368750000000001 0.5665625000000001
67 0.47734375 0.61171875 0.2671875 0.171875
63 0.684375 0.4984375 0.19375 0.1953125
63 0.64453125 0.40390625 0.1734375 0.153125
63 0.5578125 0.49375 0.15625 0.0890625
63 0.50078125 0.3734375 0.1734375 0.1609375
63 0.35625 0.37578125 0.21875 0.1875
63 0.30625 0.49140625 0.190625 0.196875
63 0.28671875 0.58203125 0.1796875 0.196875
0 0.38515625 0.68046875 0.2203125 0.16875
0 0.63046875 0.6640625 0.2203125 0.1734375
42 0.75625 0.5546875 0.13125 0.2765625