47 0.5 0.52890625 1 0.9421875
63 0.4109375 0.76015625 0.5453125 0.3890625
63 0.1796875 0.6953125 0.359375 0.334375
63 0.240625 0.45390625 0.48125 0.2171875
63 0.26953125 0.2953125 0.5125 0.2
42 0.5875 0.190625 0.4484375 0.128125
42 0.05859375 0.57890625 0.1171875 0.2171875
0 0.509375 0.51640625 0.3203125 0.2171875
0 0.715625 0.471875 0.2953125 0.215625
0 0.69375 0.36953125 0.3453125 0.2078125
0 0.64609375 0.28984375 0.309375 0.2015625
0 0.86015625 0.24375 0.240625 0.178125
0 0.8703125 0.34453125 0.259375 0.1296875