47 0.500390625 0.531640625 0.94453125 0.87578125
63 0.6640625 0.35625 0.2390625 0.3078125
63 0.66640625 0.56484375 0.328125 0.23125
63 0.415625 0.434375 0.2890625 0.2734375
63 0.30859375 0.653125 0.31875 0.3265625
63 0.515625 0.7828125 0.3859375 0.3390625
42 0.74453125 0.73984375 0.290625 0.31875
42 0.121875 0.6546875 0.1640625 0.1796875
42 0.29453125 0.81328125 0.3625 0.209375
0 0.57578125 0.2015625 0.153125 0.1546875
0 0.52578125 0.30234375 0.153125 0.175
0 0.3390625 0.2578125 0.1765625 0.1546875
0 0.27578125 0.20390625 0.159375 0.121875
0 0.43125 0.1890625 0.1890625 0.1546875