47 0.502140625 0.516796875 0.486328125 0.40859375
63 0.5875 0.55625 0.184375 0.1953125
63 0.596875 0.440625 0.15625 0.0890625
63 0.48828125 0.51796875 0.1734375 0.146875
63 0.5140625 0.6390625 0.20625 0.1578125
42 0.615625 0.640625 0.096875 0.1140625
42 0.659375 0.52578125 0.109375 0.16875
42 0.4125 0.67734375 0.16875 0.0875
0 0.4921875 0.39375 0.0875 0.1140625
0 0.43046875 0.43203125 0.0921875 0.0875
0 0.38203125 0.37734375 0.0765625 0.084375
0 0.34296875 0.42578125 0.0953125 0.078125
0 0.29296875 0.496875 0.0734375 0.0671875