63 0.2234375 0.2375 0.446875 0.475
63 0.29609375 0.0671875 0.4015625 0.134375
63 0.0265625 0.265625 0.053125 0.24375
63 0.52421875 0.16171875 0.3078125 0.3234375
63 0.72890625 0.28984375 0.5421875 0.4921875
63 0.42578125 0.63828125 0.4953125 0.51875
63 0.1828125 0.6671875 0.365625 0.665625
63 0.08046875 0.63046875 0.1609375 0.5046875
63 0.81796875 0.58671875 0.3640625 0.5484375
63 0.89765625 0.68359375 0.2046875 0.5671875
63 0.678125 0.83359375 0.640625 0.3328125
63 0.4515625 0.8734375 0.621875 0.253125