47 0.5 0.5 1 1
63 0.52265625 0.78125 0.8765625 0.4375
63 0.8796875 0.25546875 0.240625 0.4015625
63 0.24921875 0.80234375 0.4984375 0.3953125
63 0.16015625 0.38203125 0.3203125 0.5203125
42 0.05 0.7375 0.1 0.525
42 0.40859375 0.034375 0.5546875 0.06875
42 0.92265625 0.78359375 0.1546875 0.4328125
0 0.6875 0.4390625 0.36875 0.3203125
0 0.79140625 0.31796875 0.3609375 0.540625
0 0.92578125 0.52421875 0.1484375 0.3890625
0 0.153125 0.428125 0.30625 0.296875
0 0.24375 0.58515625 0.415625 0.440625
0 0.4078125 0.265625 0.390625 0.3078125
0 0.06796875 0.11015625 0.1359375 0.2203125