47 0.50078125 0.51640625 0.534375 0.4875
63 0.40546875 0.37890625 0.203125 0.140625
63 0.5453125 0.36953125 0.1609375 0.175
63 0.6 0.4921875 0.2578125 0.1453125
63 0.3921875 0.51015625 0.1984375 0.165625
42 0.396875 0.62734375 0.1171875 0.125
42 0.640625 0.403125 0.1953125 0.1296875
0 0.6890625 0.53359375 0.1171875 0.10625
0 0.6609375 0.540625 0.1046875 0.1234375
0 0.578125 0.58046875 0.0828125 0.115625
0 0.57734375 0.66953125 0.121875 0.109375
0 0.45625 0.56875 0.1453125 0.1140625
0 0.484375 0.65625 0.1296875 0.1296875