47 0.504296875 0.52578125 0.91796875 0.6390625
63 0.69140625 0.67734375 0.26875 0.2421875
63 0.7796875 0.56171875 0.2671875 0.2265625
63 0.49765625 0.478125 0.365625 0.2375
63 0.42265625 0.7078125 0.23125 0.275
42 0.24921875 0.71796875 0.2 0.1984375
42 0.5765625 0.7296875 0.1734375 0.23125
42 0.8109375 0.4828125 0.1921875 0.178125
0 0.396875 0.2484375 0.1703125 0.109375
0 0.37734375 0.30625 0.196875 0.05
0 0.4515625 0.34765625 0.1109375 0.0796875
0 0.37578125 0.36484375 0.178125 0.1140625
0 0.30078125 0.35 0.103125 0.128125