47 0.477546875 0.523828125 0.87071875 0.73203125
63 0.51796875 0.4890625 0.3265625 0.2484375
63 0.24765625 0.3703125 0.2515625 0.1828125
63 0.2515625 0.49921875 0.23125 0.23125
42 0.76796875 0.58359375 0.2265625 0.375
42 0.48203125 0.715625 0.7078125 0.3046875
42 0.2125 0.60625 0.215625 0.2859375
0 0.3671875 0.2421875 0.1625 0.0734375
0 0.36640625 0.32421875 0.1578125 0.15
0 0.36484375 0.44296875 0.1640625 0.165625
0 0.4109375 0.56015625 0.1375 0.140625
0 0.38515625 0.7515625 0.1890625 0.2265625
0 0.52109375 0.728125 0.1796875 0.1421875