47 0.5 0.5 1 1
42 0.8921875 0.58984375 0.215625 0.5140625
42 0.53046875 0.88828125 0.4890625 0.2234375
42 0.22265625 0.13125 0.2171875 0.2625
42 0.11640625 0.37265625 0.2328125 0.3984375
63 0.34296875 0.196875 0.3984375 0.39375
63 0.7640625 0.29296875 0.325 0.2328125
63 0.6796875 0.6265625 0.321875 0.51875
0 0.571875 0.19375 0.26875 0.19375
0 0.52890625 0.34375 0.2796875 0.253125
0 0.90546875 0.3703125 0.1890625 0.240625
0 0.7890625 0.82421875 0.221875 0.3234375
0 0.54375 0.715625 0.29375 0.3375
0 0.0984375 0.61796875 0.196875 0.2703125
0 0.2140625 0.64453125 0.26875 0.3046875
0 0.24921875 0.7875 0.3390625 0.25
0 0.09453125 0.3796875 0.1890625 0.178125