47 0.501875 0.5190625 0.6821875000000001 0.47906250000000006
42 0.59609375 0.56484375 0.278125 0.23125
42 0.6265625 0.38828125 0.2046875 0.153125
63 0.41328125 0.3796875 0.321875 0.1296875
63 0.34140625 0.47734375 0.296875 0.175
63 0.36171875 0.55546875 0.253125 0.25
63 0.42265625 0.60625 0.16875 0.2421875
0 0.5765625 0.66640625 0.1671875 0.121875
0 0.65703125 0.6390625 0.153125 0.1234375
0 0.75234375 0.55859375 0.115625 0.165625
0 0.759375 0.484375 0.1109375 0.1078125
0 0.74296875 0.425 0.11875 0.1140625