47 0.5 0.534375 1 0.7625
63 0.1984375 0.359375 0.396875 0.275
63 0.48515625 0.48359375 0.4140625 0.2453125
63 0.4015625 0.64921875 0.6296875 0.190625
63 0.61171875 0.74921875 0.4140625 0.140625
42 0.1921875 0.55703125 0.384375 0.2046875
42 0.24453125 0.7546875 0.4890625 0.246875
42 0.2421875 0.246875 0.484375 0.246875
0 0.746875 0.4 0.284375 0.1515625
0 0.62578125 0.25859375 0.346875 0.1125
0 0.6640625 0.478125 0.309375 0.1703125
0 0.9328125 0.428125 0.134375 0.19375
0 0.821875 0.64296875 0.35625 0.1296875