63 0.36796875 0.57265625 0.28125 0.1875
63 0.50390625 0.37109375 0.178125 0.165625
63 0.60703125 0.40546875 0.190625 0.196875
63 0.68046875 0.61953125 0.253125 0.221875
63 0.47265625 0.72109375 0.21875 0.171875
42 0.34375 0.409375 0.2296875 0.2578125
42 0.7171875 0.48046875 0.2171875 0.3
42 0.590625 0.7453125 0.3390625 0.1828125
42 0.37421875 0.7234375 0.109375 0.1453125
0 0.325 0.703125 0.1390625 0.1140625
0 0.3515625 0.60078125 0.1078125 0.103125
0 0.409375 0.5671875 0.1171875 0.0984375
0 0.559375 0.39375 0.1359375 0.1109375
0 0.52890625 0.415625 0.146875 0.1078125
0 0.48515625 0.43828125 0.115625 0.09375
0 0.51796875 0.50390625 0.19375 0.14375
0 0.609375 0.575 0.2171875 0.1296875
0 0.60078125 0.6265625 0.215625 0.0921875
0 0.36796875 0.46953125 0.1125 0.05625