47 0.5 0.53046875 1 0.7703125
63 0.21796875 0.37578125 0.3828125 0.3609375
63 0.40859375 0.228125 0.4734375 0.18125
63 0.5859375 0.35234375 0.365625 0.2265625
63 0.1921875 0.67109375 0.384375 0.3296875
42 0.0796875 0.409375 0.159375 0.46875
42 0.51015625 0.18125 0.3765625 0.19375
42 0.90546875 0.3921875 0.1890625 0.2375
42 0.27421875 0.7921875 0.4859375 0.25
42 0.528125 0.5171875 0.3125 0.328125
0 0.7890625 0.40859375 0.353125 0.2671875
0 0.8640625 0.52265625 0.271875 0.1921875
0 0.9171875 0.54609375 0.165625 0.1953125
0 0.85625 0.7015625 0.209375 0.253125
0 0.75234375 0.61953125 0.2234375 0.2359375
0 0.6796875 0.6796875 0.25625 0.278125
0 0.475 0.6953125 0.2375 0.265625
0 0.54296875 0.79453125 0.3171875 0.2453125