63 0.42890625 0.3359375 0.2171875 0.1234375
63 0.296875 0.42109375 0.290625 0.23125
63 0.31875 0.59140625 0.278125 0.278125
63 0.5421875 0.46484375 0.11875 0.096875
63 0.6578125 0.49453125 0.1875 0.146875
63 0.70078125 0.61875 0.2234375 0.1703125
63 0.490625 0.63515625 0.30625 0.303125
42 0.75859375 0.55859375 0.0953125 0.165625
42 0.671875 0.71875 0.10625 0.0859375
42 0.4234375 0.75078125 0.321875 0.134375
42 0.44140625 0.56953125 0.1234375 0.146875
42 0.61796875 0.42265625 0.1109375 0.090625
0 0.71953125 0.36484375 0.2234375 0.28125
0 0.77578125 0.3296875 0.1484375 0.1890625
0 0.61796875 0.30625 0.1953125 0.2015625
0 0.57734375 0.2625 0.2234375 0.1578125