63 0.24765625 0.38203125 0.2203125 0.1390625
63 0.2109375 0.44765625 0.290625 0.2015625
63 0.21953125 0.528125 0.2453125 0.2125
63 0.24765625 0.59921875 0.2421875 0.2796875
63 0.2921875 0.64140625 0.296875 0.3484375
63 0.4515625 0.678125 0.2875 0.321875
63 0.60234375 0.69765625 0.3328125 0.2921875
42 0.50078125 0.43046875 0.3484375 0.2953125
0 0.52109375 0.26953125 0.2328125 0.1265625
0 0.675 0.34296875 0.190625 0.1140625
0 0.7890625 0.3953125 0.275 0.090625
0 0.75234375 0.5609375 0.3734375 0.390625