47 0.50078125 0.509375 0.41875 0.334375
63 0.5140625 0.4046875 0.1515625 0.09375
63 0.42109375 0.42734375 0.11875 0.1265625
63 0.57421875 0.4921875 0.175 0.096875
63 0.50625 0.575 0.1890625 0.109375
42 0.34765625 0.43984375 0.0875 0.0984375
42 0.37578125 0.53671875 0.1375 0.1265625
42 0.46171875 0.61953125 0.178125 0.0796875
0 0.37265625 0.48984375 0.075 0.0734375
0 0.45546875 0.49609375 0.08125 0.0734375
0 0.43671875 0.43828125 0.090625 0.0609375
0 0.53125 0.46171875 0.1140625 0.0703125
0 0.5390625 0.5609375 0.0796875 0.078125