47 0.5 0.51796875 1 0.9640625
63 0.80546875 0.4265625 0.3890625 0.359375
63 0.65 0.20625 0.421875 0.2453125
63 0.203125 0.2765625 0.40625 0.346875
63 0.18828125 0.67734375 0.3765625 0.4921875
63 0.60703125 0.76640625 0.5046875 0.4671875
42 0.309375 0.865625 0.1625 0.2390625
42 0.47578125 0.56015625 0.1921875 0.115625
42 0.58125 0.41953125 0.15625 0.15
0 0.3171875 0.153125 0.1875 0.1984375
0 0.44609375 0.21328125 0.1609375 0.153125
0 0.4734375 0.28984375 0.246875 0.103125
0 0.2375 0.31953125 0.2625 0.19375
0 0.2703125 0.49453125 0.190625 0.1875
0 0.32265625 0.58828125 0.2828125 0.23125
0 0.1453125 0.7875 0.21875 0.1234375
0 0.66796875 0.52890625 0.1609375 0.159375
0 0.490625 0.4546875 0.31875 0.1859375