47 0.500390625 0.531109375 0.83046875 0.777859375
63 0.75 0.29375 0.1703125 0.2265625
63 0.78359375 0.40078125 0.20625 0.1953125
63 0.77734375 0.46328125 0.18125 0.1953125
63 0.80234375 0.54375 0.2078125 0.196875
63 0.75703125 0.66875 0.25625 0.18125
63 0.71875 0.753125 0.2359375 0.1875
63 0.63046875 0.8 0.19375 0.2328125
63 0.5140625 0.79609375 0.2046875 0.2578125
42 0.58125 0.49375 0.290625 0.4796875
42 0.32109375 0.63046875 0.29375 0.478125
0 0.246875 0.334375 0.190625 0.225
0 0.39140625 0.25234375 0.2203125 0.2140625
0 0.5171875 0.24609375 0.1625 0.1796875