47 0.5059843749999999 0.5203125 0.9489531250000001 0.6046875
63 0.696875 0.31328125 0.3703125 0.203125
63 0.5640625 0.25546875 0.2890625 0.153125
63 0.7125 0.5484375 0.4703125 0.3578125
42 0.821875 0.40078125 0.2859375 0.2875
42 0.79921875 0.69453125 0.33125 0.196875
0 0.24765625 0.44140625 0.215625 0.1375
0 0.18359375 0.34453125 0.15 0.15
0 0.39765625 0.31015625 0.1875 0.203125
0 0.48125 0.43359375 0.2515625 0.209375
0 0.49609375 0.56796875 0.209375 0.240625
0 0.56328125 0.73515625 0.1875 0.128125
0 0.36953125 0.2375 0.209375 0.1171875
0 0.70234375 0.55390625 0.18125 0.171875