33 0.5 0.5 1 1
69 0.2171875 0.1859375 0.259375 0.371875
69 0.5015625 0.17265625 0.1875 0.3265625
69 0.34140625 0.40078125 0.5421875 0.3515625
69 0.071875 0.47890625 0.14375 0.4234375
36 0.11640625 0.18203125 0.2328125 0.3640625
36 0.18984375 0.76640625 0.3796875 0.4671875
36 0.4484375 0.040625 0.534375 0.08125
36 0.47578125 0.32890625 0.3296875 0.5296875
24 0.76796875 0.36484375 0.4640625 0.4921875
24 0.80390625 0.7 0.3921875 0.2875
24 0.64609375 0.93671875 0.5609375 0.1265625
59 0.46015625 0.7140625 0.5640625 0.503125