30 0.502390625 0.5129531249999999 0.5952187500000001 0.41626562500000014
24 0.46875 0.378125 0.2125 0.1234375
20 0.65625 0.62578125 0.165625 0.115625
36 0.52265625 0.659375 0.1578125 0.1140625
59 0.31640625 0.537796875 0.20304687500000002 0.24903124999999998
36 0.340625 0.5515625 0.190625 0.0921875
36 0.3765625 0.62578125 0.1625 0.115625
24 0.5046875 0.56875 0.165625 0.1296875
59 0.53359375 0.525 0.2078125 0.2015625
9 0.65859375 0.46171875 0.2609375 0.25625
69 0.33075 0.37048437500000003 0.1581875 0.09823437500000001