25 0.8396979171875 0.08610763906249999 0.1270833328125 0.08610763906249999 0.1270833328125 0.9586145828125 0.8396979171875 0.9586145828125 0.8396979171875 0.08610763906249999
19 0.6105703124999999 0.225 0.5263880203125 0.225 0.5263880203125 0.43606944375 0.6105703124999999 0.43606944375 0.6105703124999999 0.225
19 0.6758385421875001 0.16713194375 0.5524322921875 0.16713194375 0.5524322921875 0.2544791671875 0.6758385421875001 0.2544791671875 0.6758385421875001 0.16713194375
19 0.52725 0.2805520828125 0.4291666671875 0.2805520828125 0.4291666671875 0.45089236093749996 0.52725 0.45089236093749996 0.52725 0.2805520828125
19 0.7591588546875 0.2782395828125 0.6079869796875 0.2782395828125 0.6079869796875 0.40827430624999994 0.7591588546875 0.40827430624999994 0.7591588546875 0.2782395828125
19 0.8160885421874999 0.38935069375000003 0.5871510421874999 0.38935069375000003 0.5871510421874999 0.510190971875 0.8160885421874999 0.510190971875 0.8160885421874999 0.38935069375000003
19 0.5966848953125 0.660184028125 0.5072942703125001 0.660184028125 0.5072942703125001 0.7825798609375 0.5966848953125 0.7825798609375 0.5966848953125 0.660184028125
19 0.6077942703125 0.48101041718750004 0.48298697968750004 0.48101041718750004 0.48298697968750004 0.6009895828125 0.6077942703125 0.6009895828125 0.6077942703125 0.48101041718750004
19 0.7438802078125 0.502777778125 0.623609375 0.502777778125 0.623609375 0.639902778125 0.7438802078125 0.639902778125 0.7438802078125 0.502777778125
19 0.6605651046875 0.6115729171875001 0.5871536453124999 0.6115729171875001 0.5871536453124999 0.7381076390625 0.6605651046875 0.7381076390625 0.6605651046875 0.6115729171875001
19 0.5661354171874999 0.782871528125 0.4760416671875 0.782871528125 0.4760416671875 0.87708680625 0.5661354171874999 0.87708680625 0.5661354171874999 0.782871528125
19 0.44809895781250003 0.787503471875 0.389234375 0.787503471875 0.389234375 0.8844965281249999 0.44809895781250003 0.8844965281249999 0.44809895781250003 0.787503471875
19 0.41754687500000004 0.5097222218749999 0.3371510421875 0.5097222218749999 0.3371510421875 0.6176666671875 0.41754687500000004 0.6176666671875 0.41754687500000004 0.5097222218749999
19 0.506421875 0.56527430625 0.44652604218749997 0.56527430625 0.44652604218749997 0.6825173609374999 0.506421875 0.6825173609374999 0.506421875 0.56527430625
19 0.4689270828125 0.37778125 0.3649270828125 0.37778125 0.3649270828125 0.5491076390625 0.4689270828125 0.5491076390625 0.4689270828125 0.37778125
19 0.5272552078125 0.1856458328125 0.46909895781250005 0.1856458328125 0.46909895781250005 0.2822708328125 0.5272552078125 0.2822708328125 0.5272552078125 0.1856458328125
24 0.35228125 0.3708333328125 0.15659375 0.3708333328125 0.15659375 0.8048194437499999 0.35228125 0.8048194437499999 0.35228125 0.3708333328125
24 0.40366406250000003 0.20416666718749998 0.1895859375 0.20416666718749998 0.1895859375 0.37306944375 0.40366406250000003 0.37306944375 0.40366406250000003 0.20416666718749998
24 0.5564140625 0.102315971875 0.3406276046875 0.102315971875 0.3406276046875 0.23039236093749998 0.5564140625 0.23039236093749998 0.5564140625 0.102315971875