25 0.8836801375000001 0.004665959375 0.005503009375 0.004665959375 0.005503009375 0.8800636265625 0.8836801375000001 0.8800636265625 0.8836801375000001 0.004665959375
24 0.29083405 0.036479321875 0.027858985937500004 0.036479321875 0.027858985937500004 0.710201484375 0.29083405 0.710201484375 0.29083405 0.036479321875
24 0.6128933796875 0.041129375 0.2413112640625 0.041129375 0.2413112640625 0.2823700953125 0.6128933796875 0.2823700953125 0.6128933796875 0.041129375
24 0.449187446875 0.244321315625 0.2110533109375 0.244321315625 0.2110533109375 0.5811717921875 0.449187446875 0.5811717921875 0.449187446875 0.244321315625
19 0.585193465625 0.6048833515625 0.4973344796875 0.6048833515625 0.4973344796875 0.69831919375 0.585193465625 0.69831919375 0.585193465625 0.6048833515625
19 0.553555459375 0.305827146875 0.495610490625 0.305827146875 0.495610490625 0.3757423125 0.553555459375 0.3757423125 0.553555459375 0.305827146875
19 0.43801805624999995 0.7703022265625 0.3288091140625 0.7703022265625 0.3288091140625 0.8545121953124999 0.43801805624999995 0.8545121953124999 0.43801805624999995 0.7703022265625
19 0.44902407499999997 0.68248674375 0.3666423046875 0.68248674375 0.3666423046875 0.7781071046875 0.44902407499999997 0.7781071046875 0.44902407499999997 0.68248674375
19 0.7736371453124999 0.13874867500000002 0.6665348234375 0.13874867500000002 0.6665348234375 0.2246447515625 0.7736371453124999 0.2246447515625 0.7736371453124999 0.13874867500000002
19 0.6897334484375001 0.05769353125 0.61427343125 0.05769353125 0.61427343125 0.1771102859375 0.6897334484375001 0.1771102859375 0.6897334484375001 0.05769353125
19 0.6431685296875 0.3168504765625 0.54530954375 0.3168504765625 0.54530954375 0.4419618234375 0.6431685296875 0.4419618234375 0.6431685296875 0.3168504765625
19 0.6714015484375 0.7067868500000001 0.5214961312499999 0.7067868500000001 0.5214961312499999 0.8557370093750001 0.6714015484375 0.8557370093750001 0.6714015484375 0.7067868500000001
19 0.8364144453125 0.5159119828125001 0.7032072234375 0.5159119828125001 0.7032072234375 0.6084994703125 0.8364144453125 0.6084994703125 0.8364144453125 0.5159119828125001
19 0.8166895953125 0.2613997875 0.7289337921875 0.2613997875 0.7289337921875 0.3379215265625 0.8166895953125 0.3379215265625 0.8166895953125 0.2613997875
19 0.7307222703125 0.266702015625 0.64079965625 0.266702015625 0.64079965625 0.3379215265625 0.7307222703125 0.3379215265625 0.7307222703125 0.266702015625
62 0.6782803093750001 0.17655885468750002 0.5988822015624999 0.17655885468750002 0.5988822015624999 0.2540880171875 0.6782803093750001 0.2540880171875 0.6782803093750001 0.17655885468750002
62 0.706650903125 0.22826087031250003 0.6612252796875 0.22826087031250003 0.6612252796875 0.28698833437500004 0.706650903125 0.28698833437500004 0.706650903125 0.22826087031250003
62 0.5510447125 0.275975609375 0.4967798796875 0.275975609375 0.4967798796875 0.33791622499999996 0.5510447125 0.33791622499999996 0.5510447125 0.275975609375
62 0.421229578125 0.5702492046875001 0.346302665625 0.5702492046875001 0.346302665625 0.6541198296874999 0.421229578125 0.6541198296874999 0.421229578125 0.5702492046875001
19 0.3094711953125 0.7134199359375 0.21840498749999998 0.7134199359375 0.21840498749999998 0.7941940609375 0.3094711953125 0.7941940609375 0.3094711953125 0.7134199359375
62 0.643035253125 0.47108695625 0.48774720625 0.47108695625 0.48774720625 0.6000053015625 0.643035253125 0.6000053015625 0.643035253125 0.47108695625