25 0.99885 0.018625 0.048783332812500003 0.018625 0.048783332812500003 0.9266249999999999 0.99885 0.9266249999999999 0.99885 0.018625
19 0.20140833281249998 0.39365 0.012425 0.39365 0.012425 0.60825 0.20140833281249998 0.60825 0.20140833281249998 0.39365
19 0.22806666718750002 0.5754625 0.0836333328125 0.5754625 0.0836333328125 0.7719875 0.22806666718750002 0.7719875 0.22806666718750002 0.5754625
19 0.3286666671875 0.41408750000000005 0.1927333328125 0.41408750000000005 0.1927333328125 0.6719125 0.3286666671875 0.6719125 0.3286666671875 0.41408750000000005
19 0.5104583328125 0.439075 0.366975 0.439075 0.366975 0.6300749999999999 0.5104583328125 0.6300749999999999 0.5104583328125 0.439075
19 0.7164833328125 0.632275 0.5275833328124999 0.632275 0.5275833328124999 0.912075 0.7164833328125 0.912075 0.7164833328125 0.632275
19 1 0.43682499999999996 0.8927333328125 0.43682499999999996 0.8927333328125 0.675575 1 0.675575 1 0.43682499999999996
19 0.9709833328125 0.3299875 0.8912166671874999 0.3299875 0.8912166671874999 0.4408625 0.9709833328125 0.4408625 0.9709833328125 0.3299875
61 0.5177166671875 0.611825 0.29575 0.611825 0.29575 0.902975 0.5177166671875 0.902975 0.5177166671875 0.611825
61 0.8922000000000001 0.3731875 0.77 0.3731875 0.77 0.6464624999999999 0.8922000000000001 0.6464624999999999 0.8922000000000001 0.3731875
61 0.778275 0.24817499999999998 0.642725 0.24817499999999998 0.642725 0.43722500000000003 0.778275 0.43722500000000003 0.778275 0.24817499999999998
61 0.7758583328124999 0.1059 0.6933416671875 0.1059 0.6933416671875 0.27349999999999997 0.7758583328124999 0.27349999999999997 0.7758583328124999 0.1059
19 0.9273583328124999 0.20045000000000002 0.7836416671875 0.20045000000000002 0.7836416671875 0.39175 0.9273583328124999 0.39175 0.9273583328124999 0.20045000000000002
61 0.9200833328125 0.1277125 0.82455 0.1277125 0.82455 0.2116375 0.9200833328125 0.2116375 0.9200833328125 0.1277125
19 0.8703916671874999 0.06637499999999999 0.7548416671875 0.06637499999999999 0.7548416671875 0.180725 0.8703916671874999 0.180725 0.8703916671874999 0.06637499999999999
24 0.424296875 0.22195312500000003 0.5782812500000001 0.368921875
19 0.7419333328125 0.027725 0.6124333328125 0.027725 0.6124333328125 0.164325 0.7419333328125 0.164325 0.7419333328125 0.027725
61 0.596375 0.500109375 0.16853125000000002 0.23773437499999997