25 0.974627875 0.027527076562500002 0.0496346421875 0.027527076562500002 0.0496346421875 0.9761732859375 0.974627875 0.9761732859375 0.974627875 0.027527076562500002
19 0.2417557515625 0.3501805046875 0.0882983765625 0.3501805046875 0.0882983765625 0.48353790625000004 0.2417557515625 0.48353790625000004 0.2417557515625 0.3501805046875
19 0.21740189375000002 0.46073555937500005 0.05446549375 0.46073555937500005 0.05446549375 0.629697653125 0.21740189375000002 0.629697653125 0.21740189375000002 0.46073555937500005
19 0.347283490625 0.6051398921875 0.16609945937499998 0.6051398921875 0.16609945937499998 0.8787229234374999 0.347283490625 0.8787229234374999 0.347283490625 0.6051398921875
19 0.5461705 0.6299684109375 0.35216508750000003 0.6299684109375 0.35216508750000003 0.867901625 0.5461705 0.867901625 0.5461705 0.6299684109375
19 0.6936400546875 0.532937725 0.561907984375 0.532937725 0.561907984375 0.6892463906249999 0.6936400546875 0.6892463906249999 0.6936400546875 0.532937725
19 0.8925270640624999 0.47653429531249997 0.6972293640625 0.47653429531249997 0.6972293640625 0.7036823109375 0.8925270640624999 0.7036823109375 0.8925270640624999 0.47653429531249997
19 0.82487483125 0.3050541515625 0.6583186734375001 0.3050541515625 0.6583186734375001 0.46909747343749997 0.82487483125 0.46909747343749997 0.82487483125 0.3050541515625
19 0.5461705 0.354693140625 0.4215155609375 0.354693140625 0.4215155609375 0.47270758125 0.5461705 0.47270758125 0.5461705 0.354693140625
61 0.372990528125 0.3772608296875 0.243910690625 0.3772608296875 0.243910690625 0.49255866406250004 0.372990528125 0.49255866406250004 0.372990528125 0.3772608296875
61 0.42710757812500005 0.48330776249999996 0.28788565625 0.48330776249999996 0.28788565625 0.6098510828125 0.42710757812500005 0.6098510828125 0.42710757812500005 0.48330776249999996
61 0.5637584578125 0.4765297828125 0.42151894375000004 0.4765297828125 0.42151894375000004 0.6260875453125 0.5637584578125 0.6260875453125 0.5637584578125 0.4765297828125
61 0.8668200265625 0.22157039687500002 0.7817997296875 0.22157039687500002 0.7817997296875 0.3987184109375 0.8668200265625 0.3987184109375 0.8668200265625 0.22157039687500002
19 0.773464140625 0.14937274375 0.6177266578125 0.14937274375 0.6177266578125 0.31210740000000003 0.773464140625 0.31210740000000003 0.773464140625 0.14937274375
24 0.6244959406249999 0.0320397109375 0.1686975640625 0.0320397109375 0.1686975640625 0.395108303125 0.6244959406249999 0.395108303125 0.6244959406249999 0.0320397109375