25 0.8286669921875 0.166943596875 0.2127197265625 0.166943596875 0.2127197265625 0.8133003046875 0.8286669921875 0.8133003046875 0.8286669921875 0.166943596875
19 0.3944287109375 0.3289100609375 0.2816064453125 0.3289100609375 0.2816064453125 0.4352057921875 0.3944287109375 0.4352057921875 0.3944287109375 0.3289100609375
24 0.8343896484375 0.1723932921875 0.36697753906249997 0.1723932921875 0.36697753906249997 0.525564025 0.8343896484375 0.525564025 0.8343896484375 0.1723932921875
19 0.45400878906250003 0.3501600609375 0.39620605468750003 0.3501600609375 0.39620605468750003 0.47904725625 0.45400878906250003 0.47904725625 0.45400878906250003 0.3501600609375
19 0.5834716796875 0.35462652499999997 0.4599462890625 0.35462652499999997 0.4599462890625 0.41284298750000004 0.5834716796875 0.41284298750000004 0.5834716796875 0.35462652499999997
19 0.6798095703125 0.4337804875 0.5851904296875 0.4337804875 0.5851904296875 0.5792378046875 0.6798095703125 0.5792378046875 0.6798095703125 0.4337804875
19 0.7600341796875 0.5726295734375 0.6413330078125 0.5726295734375 0.6413330078125 0.70538871875 0.7600341796875 0.70538871875 0.7600341796875 0.5726295734375
19 0.4511376953125 0.587164634375 0.33890136718749997 0.587164634375 0.33890136718749997 0.7035975609375 0.4511376953125 0.7035975609375 0.4511376953125 0.587164634375
19 0.42020996093749996 0.438460365625 0.3081103515625 0.438460365625 0.3081103515625 0.5023018296874999 0.42020996093749996 0.5023018296874999 0.42020996093749996 0.438460365625
61 0.5788916015625001 0.412751525 0.4585107421875 0.412751525 0.4585107421875 0.55776676875 0.5788916015625001 0.55776676875 0.5788916015625001 0.412751525
61 0.6264453125 0.5860442078125 0.48214843749999997 0.5860442078125 0.48214843749999997 0.744748475 0.6264453125 0.744748475 0.6264453125 0.5860442078125
61 0.38640625 0.4798399390625 0.26943359375 0.4798399390625 0.26943359375 0.5658307921875 0.38640625 0.5658307921875 0.38640625 0.4798399390625