25 0.9373455875 0.0235062234375 0.000007353125 0.0235062234375 0.000007353125 0.9181950203125 0.9373455875 0.9181950203125 0.9373455875 0.0235062234375
19 0.24858088281250001 0.5283609953124999 0.059154412499999996 0.5283609953124999 0.059154412499999996 0.729979253125 0.24858088281250001 0.729979253125 0.24858088281250001 0.5283609953124999
19 0.35965441249999996 0.6482261406250001 0.1996691171875 0.6482261406250001 0.1996691171875 0.8443879671875001 0.35965441249999996 0.8443879671875001 0.35965441249999996 0.6482261406250001
19 0.4433161765625 0.40849585 0.2683014703125 0.40849585 0.2683014703125 0.7059854765625 0.4433161765625 0.7059854765625 0.4433161765625 0.40849585
19 0.6146985296875 0.5122199171874999 0.3975661765625 0.5122199171874999 0.3975661765625 0.84437759375 0.6146985296875 0.84437759375 0.6146985296875 0.5122199171874999
19 0.5844632359374999 0.24482365156250002 0.43824264687500003 0.24482365156250002 0.43824264687500003 0.3867531125 0.5844632359374999 0.3867531125 0.5844632359374999 0.24482365156250002
19 0.860227940625 0.41770746875000003 0.712742646875 0.41770746875000003 0.712742646875 0.5934128624999999 0.860227940625 0.5934128624999999 0.860227940625 0.41770746875000003
61 0.8719852937500001 0.2217531125 0.6343088234375001 0.2217531125 0.6343088234375001 0.423641078125 0.8719852937500001 0.423641078125 0.8719852937500001 0.2217531125
19 0.7556691171875001 0.1088070546875 0.627772059375 0.1088070546875 0.627772059375 0.22621369218749998 0.7556691171875001 0.22621369218749998 0.7556691171875001 0.1088070546875
19 0.8712352937500001 0.11548755156249998 0.7412941171874999 0.11548755156249998 0.7412941171874999 0.26094398281250003 0.8712352937500001 0.26094398281250003 0.8712352937500001 0.11548755156249998
19 0.49427941249999996 0.17795643125 0.30425 0.17795643125 0.30425 0.3203008296875 0.49427941249999996 0.3203008296875 0.49427941249999996 0.17795643125
19 0.3845 0.34162863125 0.11961764687500001 0.34162863125 0.11961764687500001 0.5491182578125 0.3845 0.5491182578125 0.3845 0.34162863125
61 0.7269264703125 0.3070539421875 0.47745588281250007 0.3070539421875 0.47745588281250007 0.63954356875 0.7269264703125 0.63954356875 0.7269264703125 0.3070539421875
24 0.608507353125 0.0036618249999999996 0.2080514703125 0.0036618249999999996 0.2080514703125 0.196670125 0.608507353125 0.196670125 0.608507353125 0.0036618249999999996
24 0.30098529375 0.06270746875 0.0930441171875 0.06270746875 0.0930441171875 0.347997925 0.30098529375 0.347997925 0.30098529375 0.06270746875