25 0 0 0 1 1 1 1 0 0 0
24 0.6836249999999999 0.000011709375 0.06278125 0.000011709375 0.06278125 0.4647658078125 0.6836249999999999 0.4647658078125 0.6836249999999999 0.000011709375
61 0.796109375 0.1388173296875 0.686359375 0.1388173296875 0.686359375 0.2773419203125 0.796109375 0.2773419203125 0.796109375 0.1388173296875
61 0.87678125 0.624227165625 0.7474375 0.624227165625 0.7474375 0.8344613578125 0.87678125 0.8344613578125 0.87678125 0.624227165625
61 0.8847343750000001 0.3708665109375 0.7701718750000001 0.3708665109375 0.7701718750000001 0.6487587828125 0.8847343750000001 0.6487587828125 0.8847343750000001 0.3708665109375
61 0.5041171875 0.632740046875 0.3326640625 0.632740046875 0.3326640625 0.8821545671875001 0.5041171875 0.8821545671875001 0.5041171875 0.632740046875
61 0.6222890624999999 0.5007377046875 0.48608593750000006 0.5007377046875 0.48608593750000006 0.6640866515625 0.6222890624999999 0.6640866515625 0.6222890624999999 0.5007377046875
61 0.63590625 0.39642857187499997 0.51590625 0.39642857187499997 0.51590625 0.5499414515625001 0.63590625 0.5499414515625001 0.63590625 0.39642857187499997
61 0.7620312499999999 0.2772014046875 0.628125 0.2772014046875 0.628125 0.41535128749999994 0.7620312499999999 0.41535128749999994 0.7620312499999999 0.2772014046875
61 0.9483671875 0.1494496484375 0.8440390624999999 0.1494496484375 0.8440390624999999 0.3369672125 0.9483671875 0.3369672125 0.9483671875 0.1494496484375
19 0.187125 0.4049297421875 0.05284375 0.4049297421875 0.05284375 0.60275175625 0.187125 0.60275175625 0.187125 0.4049297421875
19 0.2371171875 0.600819671875 0.10682031249999999 0.600819671875 0.10682031249999999 0.7731381734375 0.2371171875 0.7731381734375 0.2371171875 0.600819671875
19 0.3211953125 0.47519906250000005 0.2048359375 0.47519906250000005 0.2048359375 0.6743091328124999 0.3211953125 0.6743091328124999 0.3211953125 0.47519906250000005
19 0.7268125000000001 0.6306089 0.53153125 0.6306089 0.53153125 0.8923887593750001 0.7268125000000001 0.8923887593750001 0.7268125000000001 0.6306089
19 1 0.42727166250000004 0.90178125 0.42727166250000004 0.90178125 0.62209601875 1 0.62209601875 1 0.42727166250000004
19 0.7268125000000001 0.45603044531250003 0.6338125 0.45603044531250003 0.6338125 0.648747071875 0.7268125000000001 0.648747071875 0.7268125000000001 0.45603044531250003
19 0.8074843749999999 0.302740046875 0.7701718750000001 0.302740046875 0.7701718750000001 0.3744496484375 0.8074843749999999 0.3744496484375 0.8074843749999999 0.302740046875
19 0.9563124999999999 0.35598360625000003 0.913625 0.35598360625000003 0.913625 0.42387587812499994 0.9563124999999999 0.42387587812499994 0.9563124999999999 0.35598360625000003
19 0.5359296875 0.6561709609374999 0.49460156250000004 0.6561709609374999 0.49460156250000004 0.7254215453125 0.5359296875 0.7254215453125 0.5359296875 0.6561709609374999
19 0.2961953125 0.4219789234375 0.22471093749999999 0.4219789234375 0.22471093749999999 0.48860655781249995 0.2961953125 0.48860655781249995 0.2961953125 0.4219789234375
19 0.1178203125 0.59229508125 0.048585937499999995 0.59229508125 0.048585937499999995 0.6828337234374999 0.1178203125 0.6828337234374999 0.1178203125 0.59229508125
19 0.312109375 0.7391920375 0.270171875 0.7391920375 0.270171875 0.7969672125 0.312109375 0.7969672125 0.312109375 0.7391920375
19 0.725671875 0.055796253124999994 0.623859375 0.055796253124999994 0.623859375 0.151276346875 0.725671875 0.151276346875 0.725671875 0.055796253124999994
19 0.8790546875 0.077060890625 0.7516953125 0.077060890625 0.7516953125 0.17001170937500001 0.8790546875 0.17001170937500001 0.8790546875 0.077060890625