25 1 0.162713675 0 0.162713675 0 1 1 1 1 0.162713675
24 0.7249452062499999 1 0.7249452062499999 0.44606837656250004 0 0.44606837656250004 0 1 0.7249452062499999 1
61 0.57049315 0.2079700859375 0.40468493125 0.2079700859375 0.40468493125 0.39707265 0.57049315 0.39707265 0.57049315 0.2079700859375
61 0.8272191781249999 0.35856837656249996 0.7308630140625 0.35856837656249996 0.7308630140625 0.5533119656250001 0.8272191781249999 0.5533119656250001 0.8272191781249999 0.35856837656249996
61 0.9555479453125001 0.7207905984375 0.7699863015624999 0.7207905984375 0.7699863015624999 0.9406623937499999 0.9555479453125001 0.9406623937499999 0.9555479453125001 0.7207905984375
19 0.8219863015625 0.4949145296875 0.6290821921875 0.4949145296875 0.6290821921875 0.786025640625 0.8219863015625 0.786025640625 0.8219863015625 0.4949145296875
19 0.30543835625 0.3198931625 0.1516027390625 0.3198931625 0.1516027390625 0.5028418796875 0.30543835625 0.5028418796875 0.30543835625 0.3198931625
19 0.5527671234375 0.34636752187500003 0.32641095937500003 0.34636752187500003 0.32641095937500003 0.51098290625 0.5527671234375 0.51098290625 0.5527671234375 0.34636752187500003
19 0.6633698625 0.43794871718749995 0.514273971875 0.43794871718749995 0.514273971875 0.607008546875 0.6633698625 0.607008546875 0.6633698625 0.43794871718749995
19 0.91694520625 1 0.91694520625 0.867329059375 0.663 0.867329059375 0.663 1 0.91694520625 1
19 0.9774794515625 0.45420940156249995 0.8065205484375 0.45420940156249995 0.8065205484375 0.6786111109374999 0.9774794515625 0.6786111109374999 0.9774794515625 0.45420940156249995
19 1 0.6638034187499999 0.9461232875000001 0.6638034187499999 0.9461232875000001 0.8576495718749999 1 0.8576495718749999 1 0.6638034187499999
19 1 0.8367735046875 0.909589040625 0.8367735046875 0.909589040625 0.9999786328125 1 0.9999786328125 1 0.8367735046875
19 0.45572602812499996 0.24258547031250002 0.33556164375 0.24258547031250002 0.33556164375 0.3677564109375 0.45572602812499996 0.3677564109375 0.45572602812499996 0.24258547031250002
19 0.87105479375 0.17542735 0.6486712328124999 0.17542735 0.6486712328124999 0.356367521875 0.87105479375 0.356367521875 0.87105479375 0.17542735