39 0.5009375 0.50371875 0.7825 0.6896406250000001
5 0.45078125 0.2390625 0.2796875 0.1390625
5 0.40546875 0.48046875 0.1796875 0.128125
5 0.46875 0.73203125 0.18125 0.20625
5 0.62890625 0.396875 0.2484375 0.2171875
67 0.3640625 0.2640625 0.25 0.1828125
67 0.24765625 0.42421875 0.2046875 0.196875
67 0.2984375 0.58359375 0.271875 0.196875
67 0.4125 0.69375 0.246875 0.2140625
50 0.66796875 0.28125 0.2296875 0.2390625
50 0.7546875 0.5109375 0.2125 0.2984375
50 0.66796875 0.72265625 0.2359375 0.18125