40 0.5 0.53125 1 0.9375
5 0.79140625 0.30390625 0.21875 0.2859375
67 0.41328125 0.29375 0.3 0.390625
67 0.26484375 0.5765625 0.275 0.315625
67 0.615625 0.3171875 0.3640625 0.284375
63 0.4453125 0.5625 0.2046875 0.334375
63 0.475 0.6765625 0.1484375 0.234375
63 0.66953125 0.66953125 0.24375 0.2796875
63 0.7921875 0.571875 0.2171875 0.359375
69 0.27421875 0.61484375 0.13125 0.1359375
69 0.2609375 0.753125 0.1453125 0.146875
69 0.35703125 0.83828125 0.14375 0.1421875
42 0.3140625 0.32109375 0.3421875 0.3390625