39 0.500140625 0.523578125 0.6247187499999999 0.6169062499999999
5 0.63828125 0.33125 0.1484375 0.1234375
5 0.72421875 0.5671875 0.1453125 0.2390625
67 0.50078125 0.46796875 0.3109375 0.209375
63 0.671875 0.61953125 0.121875 0.215625
63 0.5984375 0.63828125 0.140625 0.234375
63 0.4859375 0.6296875 0.240625 0.2703125
60 0.44765625 0.28203125 0.2140625 0.13125
60 0.34140625 0.36953125 0.1671875 0.13125
69 0.546875 0.3703125 0.1 0.1390625
69 0.60078125 0.40546875 0.1046875 0.109375
69 0.65625 0.45546875 0.109375 0.14375