39 0.52659375 0.525515625 0.8729687500000001 0.5739531249999998
5 0.32109375 0.76015625 0.1328125 0.1046875
67 0.27578125 0.70234375 0.2140625 0.2203125
67 0.215625 0.61875 0.25 0.253125
67 0.27109375 0.6109375 0.2171875 0.259375
38 0.559375 0.353125 0.378125 0.221875
38 0.640625 0.41640625 0.296875 0.2734375
38 0.734375 0.4828125 0.3 0.246875
60 0.51328125 0.5578125 0.4109375 0.353125
69 0.8015625 0.64453125 0.178125 0.1578125
69 0.72109375 0.72890625 0.1828125 0.1546875
69 0.60703125 0.7625 0.1703125 0.1
69 0.4515625 0.75859375 0.178125 0.1078125