39 0.35078125 0.25390625 0.1140625 0.1921875
39 0.62421875 0.209375 0.2109375 0.146875
39 0.86328125 0.61484375 0.1296875 0.2796875
39 0.4703125 0.8203125 0.18125 0.171875
39 0.7390625 0.7859375 0.19375 0.125
67 0.4890625 0.546875 0.375 0.296875
63 0.4296875 0.5046875 0.28125 0.21875
63 0.76484375 0.49765625 0.1796875 0.3203125
38 0.56484375 0.36328125 0.4546875 0.3078125
38 0.7109375 0.65078125 0.35 0.3765625
60 0.48046875 0.21015625 0.3546875 0.1296875
60 0.465625 0.375 0.134375 0.128125
60 0.3390625 0.4296875 0.14375 0.146875
60 0.37578125 0.803125 0.1453125 0.13125
69 0.86328125 0.40703125 0.1296875 0.1765625