38 0.465625 0.1984375 0.140625 0.1609375
38 0.2828125 0.35390625 0.10625 0.178125
38 0.4609375 0.40859375 0.253125 0.1125
38 0.54609375 0.4578125 0.1921875 0.1078125
38 0.5953125 0.34375 0.165625 0.1859375
38 0.6484375 0.32265625 0.115625 0.184375
38 0.42265625 0.24921875 0.2765625 0.215625
38 0.48984375 0.25390625 0.3046875 0.253125
38 0.31875 0.41015625 0.265625 0.134375
63 0.67265625 0.60390625 0.1921875 0.215625
63 0.625 0.56640625 0.178125 0.209375
63 0.33984375 0.5 0.2828125 0.1796875
63 0.3671875 0.7140625 0.2375 0.2296875
63 0.596875 0.74375 0.221875 0.2203125
63 0.62578125 0.67890625 0.2046875 0.3125
63 0.33125 0.6859375 0.290625 0.2328125
63 0.40234375 0.825 0.2890625 0.2046875
63 0.4828125 0.61875 0.178125 0.2296875