39 0.49879687500000003 0.5228125 0.7188437499999999 0.7121875
5 0.77265625 0.55703125 0.1796875 0.303125
5 0.48984375 0.77265625 0.1765625 0.1625
67 0.365625 0.6625 0.203125 0.3015625
67 0.28359375 0.51953125 0.1953125 0.303125
67 0.2859375 0.434375 0.178125 0.3046875
63 0.6984375 0.5734375 0.184375 0.2203125
63 0.58125 0.70234375 0.190625 0.178125
63 0.4890625 0.63515625 0.19375 0.221875
69 0.484375 0.4125 0.109375 0.1078125
69 0.54453125 0.34140625 0.1328125 0.103125
69 0.37265625 0.4046875 0.1359375 0.0984375