39 0.5 0.5 1 1
5 0.40859375 0.1203125 0.8171875 0.240625
39 0.89765625 0.87109375 0.2046875 0.2546875
63 0.87421875 0.70390625 0.2515625 0.4328125
63 0.9171875 0.53125 0.165625 0.3625
63 0.95234375 0.4078125 0.0953125 0.303125
67 0.18515625 0.4046875 0.3703125 0.334375
67 0.18359375 0.284375 0.3671875 0.31875
67 0.15859375 0.54140625 0.3171875 0.3328125
38 0.63984375 0.86171875 0.2796875 0.2765625
38 0.7953125 0.853125 0.26875 0.29375
38 0.8984375 0.86640625 0.203125 0.2671875
60 0.31796875 0.78828125 0.4984375 0.4234375
69 0.503125 0.596875 0.2171875 0.1921875
69 0.47578125 0.43984375 0.209375 0.240625
69 0.65859375 0.49765625 0.21875 0.228125