39 0.50390625 0.5203125 0.2484375 0.246875
39 0.6265625 0.709375 0.15 0.196875
67 0.7078125 0.50234375 0.215625 0.2734375
67 0.653125 0.43671875 0.159375 0.2015625
67 0.52578125 0.3953125 0.1390625 0.184375
63 0.746875 0.69453125 0.234375 0.2265625
63 0.78125 0.6671875 0.209375 0.2
63 0.87578125 0.65078125 0.1859375 0.1859375
69 0.85 0.4078125 0.13125 0.115625
50 0.55625 0.7 0.23125 0.228125
50 0.34921875 0.38046875 0.1734375 0.2546875
50 0.23203125 0.45859375 0.2140625 0.2296875
60 0.51484375 0.328125 0.1921875 0.146875