67 0.23671875 0.4796875 0.3796875 0.30625
67 0.4890625 0.2484375 0.390625 0.203125
67 0.71875 0.3921875 0.340625 0.228125
63 0.20234375 0.70546875 0.1765625 0.2453125
63 0.46640625 0.72734375 0.2171875 0.1234375
63 0.88203125 0.53515625 0.1453125 0.1359375
38 0.63125 0.7046875 0.38125 0.35
60 0.19609375 0.325 0.2703125 0.31875
60 0.1328125 0.69375 0.14375 0.24375
60 0.34765625 0.79296875 0.2953125 0.2828125
60 0.80546875 0.2796875 0.1046875 0.1
60 0.78203125 0.38828125 0.1328125 0.1140625
60 0.90234375 0.41015625 0.0859375 0.1515625