39 0.5 0.51953125 1 0.9171875
67 0.22734375 0.30703125 0.3734375 0.4875
67 0.34375 0.2734375 0.4125 0.4515625
67 0.5109375 0.2359375 0.415625 0.4421875
39 0.0703125 0.54921875 0.140625 0.1796875
5 0.9546875 0.56015625 0.090625 0.2546875
39 0.35703125 0.87890625 0.1671875 0.190625
63 0.70390625 0.38125 0.3703125 0.2484375
63 0.7578125 0.50625 0.36875 0.2140625
63 0.78984375 0.65234375 0.3609375 0.25
60 0.51015625 0.55 0.3484375 0.2296875
69 0.653125 0.7296875 0.165625 0.2015625
69 0.78984375 0.82265625 0.2078125 0.178125
69 0.60546875 0.88125 0.2140625 0.1640625