39 0.325 0.52734375 0.275 0.48125
67 0.421875 0.34453125 0.19375 0.2625
67 0.5015625 0.27421875 0.24375 0.265625
67 0.584375 0.26640625 0.2 0.259375
63 0.69140625 0.4625 0.1296875 0.3609375
63 0.73515625 0.403125 0.1640625 0.3609375
63 0.8109375 0.44375 0.21875 0.4359375
38 0.7453125 0.6765625 0.2 0.1640625
38 0.71171875 0.73203125 0.3453125 0.234375
60 0.5453125 0.52734375 0.303125 0.3375
69 0.33125 0.33203125 0.121875 0.125
69 0.2796875 0.26953125 0.128125 0.128125
69 0.2015625 0.33515625 0.134375 0.1125
34 0.46484375 0.6875 0.1640625 0.1671875