63 0.6796875 0.45390625 0.278125 0.2734375
63 0.2734375 0.65703125 0.209375 0.1234375
63 0.4140625 0.73203125 0.328125 0.2078125
63 0.32890625 0.26484375 0.2015625 0.1328125
63 0.46796875 0.290625 0.1578125 0.16875
63 0.5796875 0.29921875 0.16875 0.1828125
63 0.69296875 0.359375 0.2984375 0.1875
63 0.265625 0.19375 0.190625 0.103125
63 0.4109375 0.21015625 0.146875 0.1109375
63 0.6734375 0.26640625 0.215625 0.1265625
63 0.8484375 0.43203125 0.15625 0.3046875
63 0.4578125 0.4796875 0.30625 0.11875
63 0.44921875 0.44375 0.2421875 0.109375
63 0.21171875 0.6796875 0.2765625 0.1625
63 0.2921875 0.51171875 0.153125 0.1359375
63 0.5578125 0.640625 0.196875 0.265625
63 0.6671875 0.57734375 0.146875 0.2046875
63 0.809375 0.62890625 0.21875 0.1671875
63 0.10703125 0.4234375 0.0953125 0.196875