39 0.52353125 0.516703125 0.6279375 0.42753125000000003
5 0.4171875 0.4734375 0.153125 0.1546875
67 0.53828125 0.5734375 0.2015625 0.1703125
63 0.440625 0.51328125 0.178125 0.146875
63 0.42890625 0.65078125 0.2328125 0.11875
63 0.65078125 0.59765625 0.1453125 0.1625
63 0.63359375 0.4609375 0.1140625 0.1265625
38 0.67578125 0.6671875 0.2109375 0.1265625
60 0.47265625 0.68046875 0.1484375 0.065625
60 0.53359375 0.53828125 0.1453125 0.2
60 0.4125 0.56484375 0.096875 0.128125
60 0.58828125 0.66796875 0.0578125 0.071875
69 0.2890625 0.5859375 0.090625 0.1109375