39 0.5003124999999999 0.527484375 0.860171875 0.7596718749999999
5 0.465625 0.1765625 0.2140625 0.1578125
5 0.23125 0.34453125 0.2453125 0.153125
67 0.49140625 0.56875 0.3125 0.3609375
63 0.68984375 0.5625 0.19375 0.2921875
63 0.6234375 0.47734375 0.1546875 0.21875
63 0.72890625 0.4390625 0.18125 0.1953125
63 0.6375 0.2875 0.1703125 0.1265625
63 0.59609375 0.6296875 0.1625 0.1578125
38 0.2828125 0.57578125 0.1796875 0.371875
60 0.415625 0.771875 0.2953125 0.1828125
69 0.60234375 0.7703125 0.134375 0.1734375
38 0.8140625 0.4578125 0.1171875 0.1703125