48 0.5 0.53125 1 0.734375
42 0.35625 0.29921875 0.4703125 0.39375
67 0.6765625 0.27421875 0.3515625 0.334375
38 0.2921875 0.7671875 0.3765625 0.2140625
38 0.68515625 0.80546875 0.34375 0.15
38 0.66875 0.69375 0.2515625 0.2015625
38 0.3640625 0.7015625 0.1921875 0.3328125
63 0.52421875 0.61484375 0.28125 0.2
63 0.859375 0.44921875 0.2578125 0.278125
63 0.69296875 0.34296875 0.15 0.31875
63 0.86171875 0.61015625 0.121875 0.15
60 0.79296875 0.715625 0.171875 0.1015625
69 0.2671875 0.63125 0.1859375 0.1671875