39 0.5 0.51875 0.5671875 0.534375
5 0.45546875 0.48359375 0.271875 0.2796875
67 0.590625 0.51171875 0.1265625 0.1640625
67 0.55078125 0.53515625 0.125 0.2203125
63 0.4609375 0.28984375 0.1609375 0.1109375
63 0.33203125 0.38046875 0.1125 0.1359375
38 0.56484375 0.30390625 0.16875 0.1359375
38 0.6109375 0.36640625 0.1234375 0.1390625
38 0.6296875 0.403125 0.1015625 0.14375
60 0.44296875 0.68203125 0.2375 0.1828125
69 0.3609375 0.55078125 0.1109375 0.1203125
69 0.3359375 0.63671875 0.1015625 0.0984375
69 0.30703125 0.48828125 0.084375 0.1078125