39 0.501390625 0.503625 0.43315625 0.36420312500000007
5 0.36015625 0.49765625 0.096875 0.1984375
67 0.515625 0.58046875 0.1484375 0.1140625
67 0.56875 0.5640625 0.1015625 0.140625
63 0.59765625 0.421875 0.096875 0.065625
63 0.59140625 0.46171875 0.096875 0.0546875
63 0.61171875 0.49765625 0.084375 0.0515625
38 0.6171875 0.55234375 0.1671875 0.1515625
38 0.52421875 0.59765625 0.13125 0.1359375
60 0.43359375 0.578125 0.159375 0.178125
69 0.38359375 0.3875 0.071875 0.06875
69 0.42734375 0.41796875 0.071875 0.0671875
38 0.61953125 0.6046875 0.0875 0.1