39 0.5005468750000001 0.513875 0.4442031249999999 0.4175625
5 0.3640625 0.42734375 0.1703125 0.190625
5 0.5 0.53828125 0.2046875 0.209375
67 0.57421875 0.35 0.06875 0.0671875
63 0.353125 0.35078125 0.1484375 0.14375
63 0.6171875 0.43359375 0.2109375 0.128125
63 0.3359375 0.59140625 0.1140625 0.171875
60 0.42734375 0.628125 0.071875 0.1140625
60 0.5359375 0.5640625 0.1015625 0.0890625
60 0.47265625 0.45625 0.078125 0.0453125
69 0.48828125 0.6796875 0.125 0.0859375
38 0.45625 0.36484375 0.2078125 0.171875