39 0.5029843749999999 0.5209374999999999 0.7705937500000001 0.655921875
5 0.5265625 0.73203125 0.4796875 0.2375
63 0.46640625 0.3703125 0.359375 0.1140625
63 0.42421875 0.3234375 0.403125 0.1265625
63 0.440625 0.25078125 0.4015625 0.184375
67 0.25234375 0.48515625 0.221875 0.184375
67 0.2734375 0.56328125 0.2453125 0.234375
67 0.3390625 0.63984375 0.2578125 0.190625
38 0.67734375 0.32265625 0.15625 0.175
38 0.71484375 0.29140625 0.19375 0.19375
69 0.26484375 0.77421875 0.128125 0.11875
69 0.328125 0.7296875 0.1203125 0.1109375
69 0.33671875 0.8203125 0.1125 0.0734375
34 0.6875 0.596875 0.1609375 0.1578125