67 0.7578125 0.31640625 0.14375 0.1203125
67 0.70859375 0.36796875 0.1546875 0.1109375
67 0.775 0.42578125 0.071875 0.0953125
63 0.2390625 0.484375 0.134375 0.178125
63 0.31875 0.35390625 0.190625 0.1203125
63 0.42109375 0.44765625 0.1515625 0.1515625
63 0.60546875 0.4515625 0.2046875 0.128125
63 0.38828125 0.54375 0.1921875 0.190625
63 0.2453125 0.609375 0.146875 0.153125
63 0.4203125 0.64296875 0.209375 0.1109375
63 0.61796875 0.58671875 0.2390625 0.1671875
63 0.66640625 0.3984375 0.1234375 0.090625
63 0.65625 0.44375 0.109375 0.09375
63 0.53125 0.38203125 0.1625 0.1296875