67 0.36796875 0.3453125 0.165625 0.2078125
67 0.49765625 0.31953125 0.2125 0.146875
67 0.35859375 0.1828125 0.115625 0.1328125
67 0.3328125 0.3015625 0.1796875 0.1734375
67 0.40703125 0.1984375 0.15625 0.1609375
67 0.440625 0.49140625 0.2265625 0.109375
67 0.69140625 0.428125 0.159375 0.1515625
67 0.5359375 0.5484375 0.1640625 0.0796875
67 0.5921875 0.45703125 0.2359375 0.178125
67 0.56484375 0.32734375 0.20625 0.10625
67 0.62265625 0.1546875 0.13125 0.0796875
67 0.5046875 0.69921875 0.1640625 0.209375
67 0.52734375 0.74453125 0.184375 0.23125
67 0.63984375 0.72109375 0.240625 0.1625
67 0.63359375 0.54453125 0.190625 0.153125