49 0.7646666671875 0.1380711109375 0.17172 0.1380711109375 0.17172 0.89899555625 0.7646666671875 0.89899555625 0.7646666671875 0.1380711109375
19 0.5832066671875 0.3291866671875 0.33022 0.3291866671875 0.33022 0.7023155562500001 0.5832066671875 0.7023155562500001 0.5832066671875 0.3291866671875
44 0.7602233328125 0.17807555625 0.4445633328125 0.17807555625 0.4445633328125 0.87056444375 0.7602233328125 0.87056444375 0.7602233328125 0.17807555625
58 0.41785937500000003 0.263953125 0.272453125 0.22242187500000005
19 0.5468866671875 0.17808 0.49522000000000005 0.17808 0.49522000000000005 0.24259555625 0.5468866671875 0.24259555625 0.5468866671875 0.17808
19 0.47478 0.2106711109375 0.41022 0.2106711109375 0.41022 0.2603688890625 0.47478 0.2603688890625 0.47478 0.2106711109375
58 0.315734375 0.531203125 0.189265625 0.7100781250000001
19 0.3468066671875 0.2506666671875 0.2891133328125 0.2506666671875 0.2891133328125 0.312497778125 0.3468066671875 0.312497778125 0.3468066671875 0.2506666671875
19 0.2694866671875 0.30548444375 0.21911333281249998 0.30548444375 0.21911333281249998 0.3646311109375 0.2694866671875 0.3646311109375 0.2694866671875 0.30548444375
19 0.25082 0.46548444375000003 0.19578 0.46548444375000003 0.19578 0.5399911109375 0.25082 0.5399911109375 0.25082 0.46548444375000003
19 0.31659000000000004 0.45362666718750005 0.2602233328125 0.45362666718750005 0.2602233328125 0.5530222218749999 0.31659000000000004 0.5530222218749999 0.31659000000000004 0.45362666718750005
19 0.37612999999999996 0.5188133328125 0.3224433328125 0.5188133328125 0.3224433328125 0.5885644437499999 0.37612999999999996 0.5885644437499999 0.37612999999999996 0.5188133328125
19 0.3228066671875 0.364742221875 0.24022000000000002 0.364742221875 0.24022000000000002 0.45349777812500003 0.3228066671875 0.45349777812500003 0.3228066671875 0.364742221875
19 0.3734633328125 0.37659555624999996 0.32911 0.37659555624999996 0.32911 0.45586666718749996 0.3734633328125 0.45586666718749996 0.3734633328125 0.37659555624999996
19 0.2988133328125 0.5721466671875 0.24022666718750002 0.5721466671875 0.24022666718750002 0.64543555625 0.2988133328125 0.64543555625 0.2988133328125 0.5721466671875
19 0.38323999999999997 0.66252 0.3091066671875 0.66252 0.3091066671875 0.7615511109375 0.38323999999999997 0.7615511109375 0.38323999999999997 0.66252
19 0.28015 0.6521511109375 0.21688999999999997 0.6521511109375 0.21688999999999997 0.76155555625 0.28015 0.76155555625 0.28015 0.6521511109375
19 0.44989666718750004 0.7425200000000001 0.38689 0.7425200000000001 0.38689 0.8326444437499999 0.44989666718750004 0.8326444437499999 0.44989666718750004 0.7425200000000001