49 0.9539500000000001 0.047049999999999995 0.0491666671875 0.047049999999999995 0.0491666671875 0.9077500000000001 0.9539500000000001 0.9077500000000001 0.9539500000000001 0.047049999999999995
19 0.7784208328125 0.00040625000000000004 0.5316625 0.00040625000000000004 0.5316625 0.49749375 0.7784208328125 0.49749375 0.7784208328125 0.00040625000000000004
58 0.263578125 0.6271093750000001 0.3935625 0.4370156250000001
19 0.31072500000000003 0.49000625 0.112775 0.49000625 0.112775 0.6876187500000001 0.31072500000000003 0.6876187500000001 0.31072500000000003 0.49000625
19 0.147425 0.60041875 0.06972500000000001 0.60041875 0.06972500000000001 0.74765625 0.147425 0.74765625 0.147425 0.60041875
19 0.4140416671875 0.6920875 0.24194166718750001 0.6920875 0.24194166718750001 0.8894125 0.4140416671875 0.8894125 0.4140416671875 0.6920875
58 0.629953125 0.547390625 0.48568750000000005 0.24634374999999994
19 0.6673333328125 0.49930624999999995 0.5508166671875 0.49930624999999995 0.5508166671875 0.6926187500000001 0.6673333328125 0.6926187500000001 0.6673333328125 0.49930624999999995
44 0.9808333328125001 0.48085000000000006 0.78065 0.48085000000000006 0.78065 0.80435 0.9808333328125001 0.80435 0.9808333328125001 0.48085000000000006
19 0.8808333328125 0.35666875 0.7773166671875 0.35666875 0.7773166671875 0.52418125 0.8808333328125 0.52418125 0.8808333328125 0.35666875
19 0.20852083281249997 0.265 0.13082916718749998 0.265 0.13082916718749998 0.3841 0.20852083281249997 0.3841 0.20852083281249997 0.265
69 0.4918041671875 0.10041249999999999 0.20582916718750002 0.10041249999999999 0.20582916718750002 0.4141125 0.4918041671875 0.4141125 0.4918041671875 0.10041249999999999
44 0.8061999999999999 0.5661875000000001 0.49916666718749997 0.5661875000000001 0.49916666718749997 0.9110875 0.8061999999999999 0.9110875 0.8061999999999999 0.5661875000000001
44 0.5451333328125 0.79833125 0.36695 0.79833125 0.36695 0.9594437499999999 0.5451333328125 0.9594437499999999 0.5451333328125 0.79833125