49 0.8280036765625001 0.1670333328125 0.2404375 0.1670333328125 0.2404375 0.9143222218749999 0.8280036765625001 0.9143222218749999 0.8280036765625001 0.1670333328125
19 0.653647059375 0.3524111109375 0.39676470625000004 0.3524111109375 0.39676470625000004 0.6254111109375 0.653647059375 0.6254111109375 0.653647059375 0.3524111109375
58 0.375484375 0.5620625 0.191609375 0.670234375
58 0.5229375 0.28250000000000003 0.31853125000000004 0.18531250000000005
19 0.4898308828125 0.1911166671875 0.3973014703125 0.1911166671875 0.3973014703125 0.30655 0.4898308828125 0.30655 0.4898308828125 0.1911166671875
19 0.35063970625 0.32444444375 0.2526985296875 0.32444444375 0.2526985296875 0.451822221875 0.35063970625 0.451822221875 0.35063970625 0.32444444375
19 0.37906249999999997 0.6003666671875 0.3017169125 0.6003666671875 0.3017169125 0.662322221875 0.37906249999999997 0.662322221875 0.37906249999999997 0.6003666671875
19 0.5182536765625 0.6466722218750001 0.4132316171875 0.6466722218750001 0.4132316171875 0.7779499999999999 0.5182536765625 0.7779499999999999 0.5182536765625 0.6466722218750001
19 0.6672536765625 0.1633333328125 0.584805146875 0.1633333328125 0.584805146875 0.300622221875 0.6672536765625 0.300622221875 0.6672536765625 0.1633333328125
19 0.59373529375 0.250372221875 0.5149558828125 0.250372221875 0.5149558828125 0.426627778125 0.59373529375 0.426627778125 0.59373529375 0.250372221875
44 0.8139742640625001 0.3170388890625 0.6368639703125 0.3170388890625 0.6368639703125 0.6993833328125 0.8139742640625001 0.6993833328125 0.8139742640625001 0.3170388890625
44 0.7123419125 0.5633388890625 0.5370110296874999 0.5633388890625 0.5370110296874999 0.8846833328124999 0.7123419125 0.8846833328124999 0.7123419125 0.5633388890625