49 0.8871249999999999 0.0902443609375 0.06635648125 0.0902443609375 0.06635648125 0.9176253140625 0.8871249999999999 0.9176253140625 0.8871249999999999 0.0902443609375
44 0.6896296296875 0.111109021875 0.29351851875 0.111109021875 0.29351851875 0.27415413593750004 0.6896296296875 0.27415413593750004 0.6896296296875 0.111109021875
44 0.867375 0.2510401 0.7040138890625001 0.2510401 0.7040138890625001 0.7722180453124999 0.867375 0.7722180453124999 0.867375 0.2510401
44 0.7950601859375 0.648533834375 0.6192731484375 0.648533834375 0.6192731484375 0.896403509375 0.7950601859375 0.896403509375 0.7950601859375 0.648533834375
63 0.368265625 0.47648437499999996 0.2123125 0.20998437499999997
19 0.3477083328125 0.43275062656249996 0.32438425937500004 0.43275062656249996 0.32438425937500004 0.5031390984375 0.3477083328125 0.5031390984375 0.3477083328125 0.43275062656249996
63 0.463765625 0.661265625 0.21190625000000002 0.24364062499999992
19 0.5404351859375 0.48140350937500004 0.4908981484375 0.48140350937500004 0.4908981484375 0.53090225625 0.5404351859375 0.53090225625 0.5404351859375 0.48140350937500004
19 0.5526111109375 0.825388471875 0.5111111109375 0.825388471875 0.5111111109375 0.8758395984374999 0.5526111109375 0.8758395984374999 0.5526111109375 0.825388471875
19 0.7698611109375 0.3638220546875 0.7549351859375 0.3638220546875 0.7549351859375 0.424573934375 0.7698611109375 0.424573934375 0.7698611109375 0.3638220546875
19 0.29351851875 0.28920426093749996 0.26377777812500003 0.28920426093749996 0.26377777812500003 0.3262343359375 0.29351851875 0.3262343359375 0.29351851875 0.28920426093749996
19 0.37993518593750003 0.31092731875 0.346472221875 0.31092731875 0.346472221875 0.3408521296875 0.37993518593750003 0.3408521296875 0.37993518593750003 0.31092731875
19 0.43165277812499997 0.3137030078125 0.4077175921875 0.3137030078125 0.4077175921875 0.3477005015625 0.43165277812499997 0.3477005015625 0.43165277812499997 0.3137030078125
19 0.41234259218749997 0.098583959375 0.1539166671875 0.098583959375 0.1539166671875 0.2942230578125 0.41234259218749997 0.2942230578125 0.41234259218749997 0.098583959375
19 0.3552453703125 0.249091478125 0.3205509265625 0.249091478125 0.3205509265625 0.296998746875 0.3552453703125 0.296998746875 0.3552453703125 0.249091478125
19 0.2983333328125 0.593571428125 0.1469074078125 0.593571428125 0.1469074078125 0.8323934843749999 0.2983333328125 0.8323934843749999 0.2983333328125 0.593571428125
19 0.22550462968749999 0.2071867171875 0.0805509265625 0.2071867171875 0.0805509265625 0.6368483703125001 0.22550462968749999 0.6368483703125001 0.22550462968749999 0.2071867171875
63 0.63171875 0.395015625 0.20406250000000004 0.17596875