26 0.9140509265625001 0.11802314843749999 0.091671296875 0.11802314843749999 0.091671296875 0.8177916671875 0.9140509265625001 0.8177916671875 0.9140509265625001 0.11802314843749999
24 0.7214861109374999 0.127777778125 0.3939768515625 0.127777778125 0.3939768515625 0.408277778125 0.7214861109374999 0.408277778125 0.7214861109374999 0.127777778125
63 0.7898148140625 0.45648148125 0.64001851875 0.45648148125 0.64001851875 0.6491666671874999 0.7898148140625 0.6491666671874999 0.7898148140625 0.45648148125
19 0.7087916671875 0.4611111109375 0.50485648125 0.4611111109375 0.50485648125 0.767759259375 0.7087916671875 0.767759259375 0.7087916671875 0.4611111109375
63 0.6208333328125 0.46343055624999996 0.4715370375 0.46343055624999996 0.4715370375 0.6417546296875 0.6208333328125 0.6417546296875 0.6208333328125 0.46343055624999996
63 0.39376388906250004 0.19953240781249998 0.264347221875 0.19953240781249998 0.264347221875 0.297097221875 0.39376388906250004 0.297097221875 0.39376388906250004 0.19953240781249998
63 0.3141481484375 0.44028240781249994 0.225 0.44028240781249994 0.225 0.5787546296875 0.3141481484375 0.5787546296875 0.3141481484375 0.44028240781249994
19 0.2234259265625 0.63473148125 0.14398148125000002 0.63473148125 0.14398148125000002 0.7566388890625 0.2234259265625 0.7566388890625 0.2234259265625 0.63473148125
63 0.26045833281249997 0.5143518515625 0.11389351875 0.5143518515625 0.11389351875 0.6806666671875 0.26045833281249997 0.6806666671875 0.26045833281249997 0.5143518515625
19 0.475240740625 0.6694166671875 0.22546296250000003 0.6694166671875 0.22546296250000003 0.8177870374999999 0.475240740625 0.8177870374999999 0.475240740625 0.6694166671875
63 0.336115740625 0.667125 0.2660138890625 0.667125 0.2660138890625 0.72143055625 0.336115740625 0.72143055625 0.336115740625 0.667125
63 0.76898148125 0.59768055625 0.5492962968749999 0.59768055625 0.5492962968749999 0.8122268515625001 0.76898148125 0.8122268515625001 0.76898148125 0.59768055625
63 0.3437731484375 0.34675462968750004 0.24306018593749998 0.34675462968750004 0.24306018593749998 0.4453379625 0.3437731484375 0.4453379625 0.3437731484375 0.34675462968750004
63 0.7828657406249999 0.39398611093749997 0.6289120375 0.39398611093749997 0.6289120375 0.48610648125000006 0.7828657406249999 0.48610648125000006 0.7828657406249999 0.39398611093749997
63 0.80139351875 0.27593055624999996 0.6937175921875001 0.27593055624999996 0.6937175921875001 0.3953101859375 0.80139351875 0.3953101859375 0.80139351875 0.27593055624999996
19 0.2178703703125 0.35231944375 0.10231481406250001 0.35231944375 0.10231481406250001 0.4879583328125 0.2178703703125 0.4879583328125 0.2178703703125 0.35231944375
19 0.2493518515625 0.250453703125 0.1254629625 0.250453703125 0.1254629625 0.367509259375 0.2493518515625 0.367509259375 0.2493518515625 0.250453703125
19 0.46783333281250006 0.3708379625 0.3291666671875 0.3708379625 0.3291666671875 0.5213101859375 0.46783333281250006 0.5213101859375 0.46783333281250006 0.3708379625
19 0.4548703703125 0.2620324078125 0.3754629625 0.2620324078125 0.3754629625 0.360097221875 0.4548703703125 0.360097221875 0.4548703703125 0.2620324078125
19 0.430796296875 0.5838009265624999 0.2875 0.5838009265624999 0.2875 0.665847221875 0.430796296875 0.665847221875 0.430796296875 0.5838009265624999
19 0.5027731484375 0.444902778125 0.4159861109375 0.444902778125 0.4159861109375 0.5694861109375 0.5027731484375 0.5694861109375 0.5027731484375 0.444902778125
19 0.55694444375 0.40693055625 0.4419074078125 0.40693055625 0.4419074078125 0.46756944375 0.55694444375 0.46756944375 0.55694444375 0.40693055625
19 0.8680555562500001 0.5810231484374999 0.7474074078124999 0.5810231484374999 0.7474074078124999 0.728847221875 0.8680555562500001 0.728847221875 0.8680555562500001 0.5810231484374999
19 0.8659074078125 0.5050972218750001 0.741203703125 0.5050972218750001 0.741203703125 0.6065509265625 0.8659074078125 0.6065509265625 0.8659074078125 0.5050972218750001
19 0.9010879624999999 0.38703703749999996 0.8037083328125 0.38703703749999996 0.8037083328125 0.5324259265625 0.9010879624999999 0.5324259265625 0.9010879624999999 0.38703703749999996
19 0.8134305562499999 0.7083009265625 0.6085509265625 0.7083009265625 0.6085509265625 0.8270509265625 0.8134305562499999 0.8270509265625 0.8134305562499999 0.7083009265625
19 0.6178009265625 0.667134259375 0.47499537031249994 0.667134259375 0.47499537031249994 0.7621990734375 0.6178009265625 0.7621990734375 0.6178009265625 0.667134259375