26 0.8462548828124999 0.107200646875 0.2375146484375 0.107200646875 0.2375146484375 0.8364563109375001 0.8462548828124999 0.8364563109375001 0.8462548828124999 0.107200646875
63 0.7290917968749999 0.5222411 0.593505859375 0.5222411 0.593505859375 0.755525890625 0.7290917968749999 0.755525890625 0.7290917968749999 0.5222411
63 0.837646484375 0.494935275 0.7154199218749999 0.494935275 0.7154199218749999 0.6314724921875 0.837646484375 0.6314724921875 0.837646484375 0.494935275
24 0.5933740234375 0.1116504859375 0.2602587890625 0.1116504859375 0.2602587890625 0.537022653125 0.5933740234375 0.537022653125 0.5933740234375 0.1116504859375
63 0.6187548828125 0.3863349515625 0.4704638671875 0.3863349515625 0.4704638671875 0.549975728125 0.6187548828125 0.549975728125 0.6187548828125 0.3863349515625
63 0.703369140625 0.3832524265625 0.618759765625 0.3832524265625 0.618759765625 0.4413430421875 0.703369140625 0.4413430421875 0.703369140625 0.3832524265625
63 0.696875 0.3038025890625 0.638671875 0.3038025890625 0.638671875 0.3913430421875 0.696875 0.3913430421875 0.696875 0.3038025890625
19 0.663671875 0.3017799359375 0.55810546875 0.3017799359375 0.55810546875 0.45770226562499994 0.663671875 0.45770226562499994 0.663671875 0.3017799359375
63 0.6246142578125 0.309862459375 0.5922802734375 0.309862459375 0.5922802734375 0.38486245937499997 0.6246142578125 0.38486245937499997 0.6246142578125 0.309862459375
19 0.5935009765625 0.53216019375 0.34438964843750003 0.53216019375 0.34438964843750003 0.83777508125 0.5935009765625 0.83777508125 0.5935009765625 0.53216019375
63 0.44690917968750005 0.44741100312500004 0.3469189453125 0.44741100312500004 0.3469189453125 0.6373786406249999 0.44690917968750005 0.6373786406249999 0.44690917968750005 0.44741100312500004
19 0.759521484375 0.6357605171875 0.7066308593749999 0.6357605171875 0.7066308593749999 0.702265371875 0.759521484375 0.702265371875 0.759521484375 0.6357605171875
19 0.79736328125 0.337928803125 0.6841796875 0.337928803125 0.6841796875 0.4959546921875 0.79736328125 0.4959546921875 0.79736328125 0.337928803125
19 0.4899951171875 0.350331715625 0.4420361328125 0.350331715625 0.4420361328125 0.5111245953125 0.4899951171875 0.5111245953125 0.4899951171875 0.350331715625