26 0 0 0 1 1 1 1 0 0 0
24 0.8250648140625 0.00437201875 0.340509259375 0.00437201875 0.340509259375 0.4703815578125 0.8250648140625 0.4703815578125 0.8250648140625 0.00437201875
63 0.4737268515625 0.5687599359375 0.1935138890625 0.5687599359375 0.1935138890625 0.9780763109375 0.4737268515625 0.9780763109375 0.4737268515625 0.5687599359375
63 0.28394444375 0.2686804453125 0.1356481484375 0.2686804453125 0.1356481484375 0.661621621875 0.28394444375 0.661621621875 0.28394444375 0.2686804453125
63 0.6801759265625 0.4614387921875 0.4701388890625 0.4614387921875 0.4701388890625 0.6663831484375 0.6801759265625 0.6663831484375 0.6801759265625 0.4614387921875
19 0.7456018515625 1 0.7456018515625 0.7665818765625 0.470953703125 0.7665818765625 0.470953703125 1 0.7456018515625 1
63 0.6368101859374999 0.6727503968749999 0.5052083328125 0.6727503968749999 0.5052083328125 0.864864865625 0.6368101859374999 0.864864865625 0.6368101859374999 0.6727503968749999
63 0.8819953703125 0.5031876 0.720134259375 0.5031876 0.720134259375 0.7586248015625 0.8819953703125 0.7586248015625 0.8819953703125 0.5031876
19 0.495953703125 0.2806041328125 0.28958333281250004 0.2806041328125 0.28958333281250004 0.5582511921875 0.495953703125 0.5582511921875 0.495953703125 0.2806041328125
19 0.1747083328125 0.5488791734375 0.005328703125 0.5488791734375 0.005328703125 0.8826629578125 0.1747083328125 0.8826629578125 0.1747083328125 0.5488791734375
19 0.7190648140625 0.3422019078125 0.490972221875 0.3422019078125 0.490972221875 0.5789109703124999 0.7190648140625 0.5789109703124999 0.7190648140625 0.3422019078125
63 0.12008333281250001 0.42369634375 0.0395833328125 0.42369634375 0.0395833328125 0.5455246421875 0.12008333281250001 0.5455246421875 0.12008333281250001 0.42369634375