26 0.1034375 0 0.1034375 1 0.8994624999999999 1 0.8994624999999999 0 0.1034375 0
63 0.6195 0.3775 0.3675 0.3775 0.3675 0.7139 0.6195 0.7139 0.6195 0.3775
63 0.4520375 0.5483333328125 0.2956125 0.5483333328125 0.2956125 0.8138666671875001 0.4520375 0.8138666671875001 0.4520375 0.5483333328125
63 0.3508 0.6316666671875 0.2003 0.6316666671875 0.2003 0.8188666671875 0.3508 0.8188666671875 0.3508 0.6316666671875
63 0.6445125 1 0.6445125 0.8233333328124999 0.4409375 0.8233333328124999 0.4409375 1 0.6445125 1
63 0.288325 0.3483333328125 0.164375 0.3483333328125 0.164375 0.6039333328125001 0.288325 0.6039333328125001 0.288325 0.3483333328125
63 0.41328750000000003 0.0504166671875 0.2518625 0.0504166671875 0.2518625 0.21905000000000002 0.41328750000000003 0.21905000000000002 0.41328750000000003 0.0504166671875
19 0.890725 0.0358166671875 0.437825 0.0358166671875 0.437825 0.5972500000000001 0.890725 0.5972500000000001 0.890725 0.0358166671875
19 0.44578749999999995 0.5189666671875 0.44578749999999995 0.20249999999999999 0.22686250000000002 0.20249999999999999 0.22686250000000002 0.5189666671875 0.3556877546875 0.5235827109375 0.44578749999999995 0.5189666671875
19 0.2958125 0.7212500000000001 0.1409375 0.7212500000000001 0.1409375 0.9488166671875 0.2958125 0.9488166671875 0.2958125 0.7212500000000001
19 0.7932375 1 0.7932375 0.8629333328125 0.5878125 0.8629333328125 0.5878125 1 0.7932375 1
24 0.9003125000000001 0.4900166671875 0.41828750000000003 0.4900166671875 0.41828750000000003 0.8788500000000001 0.9003125000000001 0.8788500000000001 0.9003125000000001 0.4900166671875