45 0.8554192703125001 0.1720833328125 0.14308072968750002 0.1720833328125 0.14308072968750002 0.8143854171875 0.8554192703125001 0.8143854171875 0.8554192703125001 0.1720833328125
45 0.8841354171875 0.1756927078125 0.1427083328125 0.1756927078125 0.1427083328125 0.8101510421875 0.8841354171875 0.8101510421875 0.8841354171875 0.1756927078125
69 0.8133151046875 0.3701380203125 0.5333307296875 0.3701380203125 0.5333307296875 0.5518932296875 0.8133151046875 0.5518932296875 0.8133151046875 0.3701380203125
69 0.7208307296875 0.5368020828125 0.4703151046875 0.5368020828125 0.4703151046875 0.8073750000000001 0.7208307296875 0.8073750000000001 0.7208307296875 0.5368020828125
19 0.47885677031249996 0.429375 0.1564557296875 0.429375 0.1564557296875 0.7935625 0.47885677031249996 0.7935625 0.47885677031249996 0.429375
63 0.506328125 0.309453125 0.36734375 0.20017187500000003
57 0.5471770828125 0.1783333328125 0.348125 0.1783333328125 0.348125 0.2895416671875 0.5471770828125 0.2895416671875 0.5471770828125 0.1783333328125
57 0.5230182296875 0.5283359375 0.4075026046875 0.5283359375 0.4075026046875 0.6569348953125 0.5230182296875 0.6569348953125 0.5230182296875 0.5283359375
57 0.776546875 0.331546875 0.12079687499999991 0.13220312500000003
57 0.7722187500000001 0.627671875 0.14098437500000002 0.14271875000000006
57 0.8207812499999999 0.452328125 0.06984375000000007 0.1934687499999999