62 0.3953125 0.63515625 0.2375 0.34375
62 0.44765625 0.4140625 0.1859375 0.1609375
62 0.5328125 0.52421875 0.16875 0.18125
62 0.590625 0.67734375 0.253125 0.2
62 0.73515625 0.68359375 0.2078125 0.1625
42 0.83671875 0.65703125 0.1421875 0.15625
42 0.57734375 0.75234375 0.2515625 0.15625
69 0.6578125 0.36796875 0.134375 0.1375
69 0.73671875 0.3703125 0.0984375 0.1109375
69 0.83515625 0.42578125 0.1546875 0.11875
69 0.734375 0.45234375 0.121875 0.11875
69 0.765625 0.5625 0.15625 0.1546875
0 0.78359375 0.240625 0.4171875 0.1953125
0 0.865625 0.2875 0.253125 0.2890625