42 0.15234375 0.70703125 0.3046875 0.2734375
42 0.8328125 0.70546875 0.3328125 0.2984375
67 0.6625 0.35859375 0.2765625 0.3046875
67 0.4859375 0.58515625 0.2796875 0.2390625
67 0.6546875 0.74453125 0.3328125 0.2703125
67 0.07578125 0.47578125 0.1515625 0.2234375
63 0.23515625 0.5375 0.38125 0.390625
63 0.8578125 0.57421875 0.284375 0.1828125
69 0.9390625 0.475 0.121875 0.20625
69 0.41875 0.15390625 0.1796875 0.1640625
69 0.39375 0.753125 0.2640625 0.240625
0 0.1234375 0.22109375 0.246875 0.3359375
0 0.21875 0.16953125 0.3484375 0.2328125