67 0.69296875 0.4609375 0.1125 0.14375
67 0.7296875 0.4828125 0.1171875 0.13125
67 0.61640625 0.58828125 0.14375 0.1484375
67 0.3390625 0.465625 0.1390625 0.11875
67 0.4171875 0.41640625 0.1390625 0.0953125
63 0.32109375 0.57734375 0.125 0.1953125
63 0.446875 0.62890625 0.2015625 0.1140625
63 0.43671875 0.725 0.1 0.1375
63 0.45859375 0.55703125 0.209375 0.1453125
63 0.58984375 0.54921875 0.178125 0.1796875
42 0.7375 0.565625 0.1015625 0.125
42 0.62734375 0.70546875 0.1625 0.1359375
42 0.396875 0.37421875 0.1703125 0.0921875
42 0.58203125 0.37265625 0.178125 0.0609375
69 0.6 0.42421875 0.0984375 0.0828125
69 0.70546875 0.63671875 0.109375 0.1046875
69 0.52734375 0.72734375 0.11875 0.1328125
69 0.33671875 0.7015625 0.13125 0.109375
0 0.45703125 0.27265625 0.278125 0.1890625
0 0.621875 0.2796875 0.2140625 0.203125