42 0.3984375 0.525 0.34375 0.4625
42 0.64765625 0.37734375 0.1734375 0.2078125
69 0.62421875 0.61875 0.1515625 0.209375
63 0.5828125 0.44296875 0.13125 0.1234375
63 0.4640625 0.36875 0.121875 0.103125
63 0.43046875 0.509375 0.1859375 0.19375
0 0.759375 0.39765625 0.10625 0.1234375
0 0.7109375 0.51796875 0.115625 0.1359375
0 0.5515625 0.28046875 0.1 0.1046875
0 0.65703125 0.34140625 0.1015625 0.0890625
0 0.59453125 0.39140625 0.0984375 0.1046875
0 0.421875 0.2734375 0.10625 0.1
0 0.315625 0.34375 0.08125 0.06875
0 0.36484375 0.409375 0.1046875 0.125
0 0.30625 0.48671875 0.10625 0.1015625
0 0.2828125 0.5546875 0.084375 0.075
0 0.5 0.58125 0.125 0.065625
0 0.4015625 0.65 0.11875 0.115625
0 0.49140625 0.7078125 0.0859375 0.084375