16 0.58359375 0.39140625 0.140625 0.08125
16 0.67265625 0.4265625 0.165625 0.1015625
16 0.60859375 0.46875 0.121875 0.1078125
16 0.69765625 0.5234375 0.078125 0.1515625
69 0.4953125 0.3546875 0.0921875 0.0859375
69 0.4359375 0.409375 0.1046875 0.0828125
69 0.4015625 0.3546875 0.0890625 0.0734375
69 0.3546875 0.4015625 0.0953125 0.0953125
67 0.34609375 0.48671875 0.1625 0.196875
67 0.39921875 0.56484375 0.16875 0.21875
67 0.50625 0.6015625 0.1703125 0.1890625
67 0.6234375 0.590625 0.1390625 0.1921875