42 0.7796875 0.5546875 0.2796875 0.453125
67 0.72265625 0.2515625 0.3125 0.240625
67 0.63203125 0.59453125 0.38125 0.3953125
67 0.93203125 0.4890625 0.1359375 0.278125
67 0.7953125 0.8640625 0.396875 0.271875
69 0.94296875 0.70390625 0.1140625 0.2921875
69 0.91640625 0.32734375 0.1671875 0.1828125
42 0.80078125 0.44765625 0.284375 0.2453125
0 0.1296875 0.83671875 0.259375 0.3265625
0 0.0859375 0.54921875 0.171875 0.2546875
0 0.25234375 0.70234375 0.359375 0.3390625
0 0.27265625 0.853125 0.1828125 0.29375
0 0.51328125 0.84765625 0.3578125 0.3046875
63 0.20703125 0.48046875 0.2875 0.2390625