16 0.46171875 0.25625 0.23125 0.2890625
16 0.67734375 0.27734375 0.23125 0.18125
16 0.74921875 0.3546875 0.40625 0.3046875
16 0.4109375 0.56640625 0.4171875 0.35625
16 0.91015625 0.5265625 0.1796875 0.275
16 0.41875 0.84296875 0.2671875 0.225
16 0.6375 0.89453125 0.3015625 0.184375
16 0.77421875 0.75625 0.228125 0.2015625
42 0.8890625 0.696875 0.221875 0.3625
42 0.5640625 0.88515625 0.753125 0.2296875
42 0.253125 0.371875 0.3953125 0.5515625
0 0.60078125 0.09609375 0.7984375 0.1921875
42 0.7578125 0.271875 0.4828125 0.2859375