67 0.2109375 0.7375 0.4109375 0.51875
67 0.58359375 0.31796875 0.540625 0.3359375
67 0.84296875 0.55546875 0.3140625 0.4046875
63 0.09453125 0.3390625 0.1890625 0.409375
63 0.19765625 0.4046875 0.3953125 0.371875
63 0.2453125 0.2015625 0.2734375 0.15625
63 0.9015625 0.4453125 0.196875 0.340625
63 0.4015625 0.921875 0.753125 0.15625
63 0.775 0.86484375 0.296875 0.2703125
69 0.50234375 0.55546875 0.259375 0.2078125
69 0.52421875 0.740625 0.246875 0.26875
42 0.05546875 0.73046875 0.1109375 0.4640625
42 0.8890625 0.7859375 0.221875 0.384375
42 0.96015625 0.42265625 0.0796875 0.2546875