63 0.8171875 0.3953125 0.2796875 0.3578125
63 0.6734375 0.23515625 0.2734375 0.290625
63 0.48125 0.265625 0.3234375 0.3296875
63 0.3359375 0.32734375 0.3078125 0.35
63 0.60625 0.44609375 0.2453125 0.234375
42 0.6671875 0.75 0.665625 0.5
42 0.88671875 0.36484375 0.2265625 0.5046875
42 0.51328125 0.10390625 0.4453125 0.2078125
69 0.16875 0.4109375 0.1734375 0.1859375
69 0.28125 0.55234375 0.1984375 0.225
69 0.13125 0.575 0.2140625 0.1890625
69 0.16328125 0.74296875 0.20625 0.196875
69 0.3375 0.7234375 0.2296875 0.1921875