42 0.21640625 0.24609375 0.428125 0.4125
42 0.71640625 0.75859375 0.34375 0.315625
42 0.45546875 0.94453125 0.2640625 0.1109375
42 0.1265625 0.77734375 0.253125 0.3359375
63 0.078125 0.5328125 0.15625 0.246875
63 0.1984375 0.421875 0.2984375 0.2203125
63 0.17421875 0.696875 0.21875 0.3046875
63 0.321875 0.8703125 0.2328125 0.2515625
63 0.58046875 0.86953125 0.390625 0.25625
67 0.83828125 0.53984375 0.265625 0.29375
69 0.49140625 0.175 0.215625 0.2859375
0 0.71171875 0.22421875 0.5765625 0.4484375