67 0.503125 0.6875 0.21875 0.28125
62 0.2984375 0.4828125 0.1875 0.221875
16 0.36875 0.309375 0.215625 0.10625
16 0.565625 0.290625 0.115625 0.10625
16 0.62109375 0.50234375 0.1671875 0.1734375
16 0.64921875 0.63203125 0.1203125 0.1046875
42 0.353125 0.70078125 0.265625 0.2515625
42 0.67265625 0.375 0.2265625 0.2125
42 0.365625 0.38125 0.175 0.1
69 0.51328125 0.35703125 0.1390625 0.1140625
69 0.55625 0.446875 0.128125 0.1125
0 0.81328125 0.546875 0.2640625 0.2625
0 0.7546875 0.721875 0.33125 0.29375
63 0.46015625 0.4546875 0.1265625 0.159375