50 0.79765625 0.32890625 0.4046875 0.4359375
50 0.38203125 0.19140625 0.628125 0.246875
50 0.25703125 0.35078125 0.5140625 0.2109375
50 0.3234375 0.35546875 0.5671875 0.246875
50 0.67265625 0.39375 0.265625 0.3328125
50 0.83203125 0.4015625 0.3359375 0.371875
50 0.8484375 0.6484375 0.1640625 0.3609375
50 0.90234375 0.63046875 0.1953125 0.2203125
50 0.0765625 0.571875 0.153125 0.26875
50 0.17734375 0.61875 0.3125 0.3734375
50 0.19453125 0.771875 0.28125 0.1890625
50 0.6140625 0.84921875 0.4390625 0.259375
50 0.35078125 0.575 0.340625 0.1078125