67 0.053125 0.32265625 0.10625 0.3359375
67 0.1609375 0.134375 0.321875 0.26875
67 0.26015625 0.2921875 0.371875 0.3125
67 0.51796875 0.1421875 0.4328125 0.284375
67 0.846875 0.2 0.30625 0.346875
67 0.81875 0.5015625 0.3625 0.296875
67 0.58515625 0.340625 0.43125 0.334375
67 0.43828125 0.44609375 0.4375 0.4140625
67 0.1796875 0.56484375 0.359375 0.3171875
67 0.04296875 0.60546875 0.0859375 0.3640625
67 0.20546875 0.8328125 0.4109375 0.315625
67 0.54453125 0.7078125 0.45 0.246875
67 0.6125 0.89140625 0.48125 0.2171875
67 0.86875 0.7515625 0.2625 0.321875