53 0.503125 0.52734375 0.89375 0.8859375
7 0.64140625 0.57734375 0.3390625 0.2484375
7 0.78671875 0.3296875 0.2984375 0.296875
62 0.1515625 0.40546875 0.20625 0.2828125
62 0.21640625 0.65625 0.2765625 0.15625
62 0.31640625 0.76015625 0.3609375 0.1859375
62 0.303125 0.634375 0.33125 0.190625
62 0.3375 0.54375 0.3125 0.24375
62 0.25546875 0.34453125 0.1984375 0.1390625
62 0.45078125 0.43125 0.2765625 0.2
62 0.46953125 0.34375 0.5578125 0.2625
62 0.403125 0.2359375 0.503125 0.16875
62 0.4859375 0.1390625 0.346875 0.14375