53 0.53125 0.50859375 0.9375 0.9828125
62 0.3421875 0.671875 0.49375 0.271875
62 0.53515625 0.79453125 0.5296875 0.1921875
62 0.27734375 0.55546875 0.3203125 0.2359375
62 0.365625 0.54375 0.30625 0.303125
62 0.29453125 0.38828125 0.2796875 0.2953125
62 0.52578125 0.42578125 0.2796875 0.3859375
62 0.56796875 0.5140625 0.3515625 0.428125
62 0.68984375 0.45546875 0.3140625 0.4609375
62 0.721875 0.31953125 0.178125 0.2609375
62 0.84375 0.48203125 0.159375 0.2609375
7 0.43359375 0.16796875 0.3453125 0.1828125