53 0.502390625 0.547046875 0.904609375 0.71528125
69 0.27265625 0.70078125 0.165625 0.1578125
69 0.40390625 0.7703125 0.15625 0.153125
69 0.5515625 0.78828125 0.1390625 0.1359375
69 0.65859375 0.74609375 0.13125 0.1359375
7 0.51328125 0.64296875 0.2375 0.2171875
7 0.30625 0.4453125 0.1703125 0.209375
70 0.21484375 0.4625 0.13125 0.13125
70 0.25390625 0.359375 0.146875 0.128125
62 0.37109375 0.590625 0.225 0.28125
62 0.41484375 0.51484375 0.190625 0.2859375
62 0.51171875 0.53671875 0.1875 0.2546875
62 0.56171875 0.5125 0.221875 0.25625
62 0.5859375 0.44140625 0.2390625 0.2578125
62 0.63828125 0.41875 0.203125 0.234375
62 0.71171875 0.41171875 0.16875 0.1953125
62 0.825 0.59609375 0.1359375 0.2515625