63 0.1390625 0.534375 0.278125 0.275
70 0.171875 0.34453125 0.1875 0.1765625
70 0.26328125 0.225 0.1765625 0.153125
69 0.390625 0.1671875 0.184375 0.1625
69 0.54453125 0.1546875 0.1796875 0.15625
69 0.66015625 0.23046875 0.1609375 0.1515625
69 0.74296875 0.3125 0.1265625 0.140625
62 0.69765625 0.4609375 0.2609375 0.259375
62 0.50234375 0.38984375 0.2515625 0.2296875
62 0.45078125 0.53125 0.4265625 0.44375
62 0.35390625 0.52734375 0.3078125 0.2859375
62 0.35390625 0.571875 0.2890625 0.259375
62 0.29609375 0.590625 0.2296875 0.23125