61 0.5453125 0.27734375 0.146875 0.2109375
61 0.60859375 0.3359375 0.1234375 0.11875
61 0.634375 0.2421875 0.1375 0.096875
61 0.77421875 0.2578125 0.1421875 0.11875
61 0.76953125 0.378125 0.2390625 0.20625
61 0.6125 0.46640625 0.16875 0.1109375
61 0.4765625 0.48984375 0.15625 0.1859375
61 0.490625 0.3375 0.146875 0.1125
61 0.3890625 0.38046875 0.175 0.1484375
61 0.61484375 0.55703125 0.2953125 0.1921875
61 0.82421875 0.51171875 0.1421875 0.1515625
61 0.8359375 0.67109375 0.175 0.2015625
61 0.57578125 0.66875 0.2078125 0.146875