63 0.39296875 0.57421875 0.2140625 0.203125
63 0.3171875 0.38984375 0.1625 0.16875
63 0.42890625 0.3640625 0.1953125 0.1203125
63 0.45859375 0.38046875 0.2203125 0.128125
63 0.50859375 0.40625 0.1953125 0.1734375
63 0.29609375 0.56796875 0.1734375 0.209375
63 0.29765625 0.5046875 0.1890625 0.1859375
63 0.45546875 0.62265625 0.2640625 0.16875
63 0.63515625 0.60546875 0.2171875 0.1375
63 0.6265625 0.5140625 0.19375 0.1421875
63 0.53515625 0.4546875 0.2203125 0.1390625
63 0.54765625 0.496875 0.2203125 0.1359375
63 0.646875 0.41640625 0.15 0.165625