50 0.30546875 0.2859375 0.6109375 0.3625
50 0.5625 0.134375 0.6765625 0.2375
50 0.628125 0.05859375 0.30625 0.1171875
50 0.865625 0.33984375 0.2046875 0.5640625
50 0.8078125 0.59453125 0.384375 0.8109375
50 0.59921875 0.409375 0.396875 0.39375
50 0.6015625 0.4953125 0.4140625 0.396875
50 0.225 0.44921875 0.3390625 0.4578125
50 0.228125 0.73828125 0.45625 0.5015625
50 0.4453125 0.80703125 0.19375 0.3859375
50 0.39609375 0.65546875 0.534375 0.4640625
50 0.36953125 0.56171875 0.31875 0.3609375
50 0.46484375 0.571875 0.4375 0.375