52 0.5040312499999999 0.521609375 0.7903593750000001 0.6036406249999999
7 0.378125 0.28984375 0.3015625 0.1484375
7 0.21875 0.4640625 0.1453125 0.290625
7 0.25625 0.66640625 0.1671875 0.1515625
7 0.5234375 0.71484375 0.4265625 0.1453125
7 0.62578125 0.296875 0.2375 0.146875
7 0.76953125 0.4171875 0.171875 0.24375
61 0.3140625 0.515625 0.1890625 0.225
61 0.50546875 0.421875 0.1625 0.16875
61 0.46796875 0.50078125 0.1625 0.1328125
61 0.5640625 0.40234375 0.1328125 0.2359375
61 0.6171875 0.58828125 0.2015625 0.1703125
61 0.66796875 0.54296875 0.190625 0.1703125
61 0.29765625 0.50078125 0.1625 0.1421875