52 0.5 0.5231250000000001 0.6203125 0.33499999999999996
7 0.71796875 0.48828125 0.11875 0.1640625
7 0.63359375 0.578125 0.1875 0.071875
7 0.42265625 0.5859375 0.240625 0.059375
61 0.3296875 0.49921875 0.0828125 0.0953125
61 0.35859375 0.54375 0.078125 0.08125
61 0.39140625 0.53203125 0.125 0.0921875
61 0.4828125 0.4734375 0.1140625 0.08125
61 0.49296875 0.565625 0.109375 0.06875
61 0.509375 0.5375 0.1296875 0.071875
61 0.5140625 0.4765625 0.1203125 0.15
61 0.56640625 0.484375 0.115625 0.1375
61 0.61328125 0.48671875 0.090625 0.1421875
61 0.64765625 0.4859375 0.096875 0.146875