52 0.540625 0.521875 0.91875 0.709375
7 0.79140625 0.62421875 0.1609375 0.2453125
7 0.32734375 0.5734375 0.2765625 0.1875
7 0.2671875 0.36640625 0.184375 0.1328125
61 0.2453125 0.615625 0.265625 0.16875
61 0.3296875 0.75078125 0.259375 0.1203125
61 0.40703125 0.82265625 0.1671875 0.1078125
61 0.5390625 0.5984375 0.171875 0.14375
61 0.42578125 0.33046875 0.1828125 0.1296875
61 0.50234375 0.44765625 0.4078125 0.2171875
61 0.7734375 0.41796875 0.1875 0.1453125
61 0.6328125 0.346875 0.21875 0.121875
7 0.584375 0.2484375 0.14375 0.071875
61 0.484375 0.74140625 0.24375 0.2109375
61 0.6328125 0.6828125 0.146875 0.1625