61 0.7328125 0.58671875 0.2125 0.2171875
61 0.5734375 0.7078125 0.24375 0.134375
61 0.5484375 0.62421875 0.25 0.1515625
61 0.3796875 0.68671875 0.15 0.1671875
61 0.32890625 0.60390625 0.1953125 0.1796875
61 0.23984375 0.54765625 0.1734375 0.1984375
61 0.62265625 0.31171875 0.1296875 0.1015625
61 0.45390625 0.29609375 0.2390625 0.1171875
61 0.44140625 0.39921875 0.1578125 0.1453125
61 0.34765625 0.35859375 0.0890625 0.1453125
61 0.2890625 0.44921875 0.18125 0.0828125
61 0.28828125 0.36875 0.1046875 0.13125
61 0.20546875 0.43984375 0.1109375 0.1171875