52 0.515734375 0.512390625 0.55134375 0.49865624999999997
61 0.465625 0.65390625 0.1859375 0.121875
61 0.6203125 0.44296875 0.2234375 0.153125
61 0.6484375 0.41171875 0.1390625 0.10625
61 0.3375 0.4234375 0.1265625 0.1296875
61 0.35390625 0.3703125 0.128125 0.1140625
61 0.4640625 0.5703125 0.1046875 0.0265625
61 0.55859375 0.52734375 0.05 0.046875
7 0.5609375 0.6390625 0.1484375 0.1640625
7 0.328125 0.5265625 0.1265625 0.1234375
61 0.4734375 0.340625 0.1359375 0.1015625
61 0.484375 0.5375 0.2109375 0.1296875
7 0.57578125 0.3390625 0.125 0.0984375