52 0.52003125 0.520734375 0.8286875 0.6522656250000001
61 0.471875 0.27265625 0.25625 0.2046875
61 0.68359375 0.31015625 0.2171875 0.1890625
61 0.571875 0.37109375 0.165625 0.1390625
61 0.45703125 0.46640625 0.1890625 0.1984375
61 0.65234375 0.4625 0.1265625 0.1
61 0.67890625 0.57265625 0.1046875 0.1515625
61 0.53671875 0.546875 0.1890625 0.196875
61 0.36484375 0.603125 0.2578125 0.215625
61 0.33203125 0.39609375 0.1484375 0.2390625
7 0.7484375 0.50859375 0.2375 0.2828125
7 0.6046875 0.678125 0.28125 0.1
7 0.20546875 0.48515625 0.1640625 0.2109375