61 0.25234375 0.75390625 0.06875 0.1234375
52 0.51640625 0.48578124999999994 0.534375 0.5449999999999999
61 0.515625 0.6828125 0.1296875 0.103125
61 0.7484375 0.6171875 0.0703125 0.121875
61 0.6578125 0.50234375 0.1515625 0.1140625
61 0.61953125 0.3796875 0.26875 0.2375
61 0.5765625 0.2703125 0.1140625 0.109375
61 0.52890625 0.22890625 0.096875 0.0859375
61 0.359375 0.55703125 0.1890625 0.1953125
61 0.4203125 0.39609375 0.1578125 0.2265625
61 0.44921875 0.25546875 0.115625 0.1390625
7 0.5578125 0.59765625 0.1921875 0.1078125
7 0.67421875 0.67109375 0.21875 0.1171875