52 0.51484375 0.53359375 0.8953125 0.725
61 0.35859375 0.32421875 0.3140625 0.1875
7 0.871875 0.796875 0.18125 0.2015625
7 0.61328125 0.3296875 0.4734375 0.3171875
7 0.3265625 0.56328125 0.19375 0.303125
7 0.903125 0.5 0.11875 0.2609375
69 0.18984375 0.69296875 0.1953125 0.265625
61 0.41640625 0.45078125 0.2046875 0.2
61 0.44375 0.55 0.125 0.1515625
61 0.56875 0.75625 0.24375 0.2703125
61 0.71015625 0.70234375 0.1453125 0.278125
61 0.7390625 0.49140625 0.28125 0.315625
61 0.57421875 0.56328125 0.2171875 0.190625