43 0.823169934375 0.1825980390625 0.3780718953125 0.1825980390625 0.3780718953125 0.8402941171875 0.823169934375 0.8402941171875 0.823169934375 0.1825980390625
19 0.5963888890625 0.3837009796875 0.5187091500000001 0.3837009796875 0.5187091500000001 0.487524509375 0.5963888890625 0.487524509375 0.5963888890625 0.3837009796875
19 0.6546160125 0.490649509375 0.584076796875 0.490649509375 0.584076796875 0.573125 0.6546160125 0.573125 0.6546160125 0.490649509375
19 0.779370915625 0.31238970625 0.7355964046875 0.31238970625 0.7355964046875 0.44113970625 0.779370915625 0.44113970625 0.779370915625 0.31238970625
19 0.4395588234375 0.33914215625 0.3642320265625 0.33914215625 0.3642320265625 0.4090441171875 0.4395588234375 0.4090441171875 0.4395588234375 0.33914215625
19 0.6093218953124999 0.7557843140625 0.5547957515624999 0.7557843140625 0.5547957515624999 0.81392156875 0.6093218953124999 0.81392156875 0.6093218953124999 0.7557843140625
19 0.6345751640625 0.6577696078125 0.5714379078125 0.6577696078125 0.5714379078125 0.7372303921875 0.6345751640625 0.7372303921875 0.6345751640625 0.6577696078125
19 0.5488071890625 0.4865441171875 0.48906862812499996 0.4865441171875 0.48906862812499996 0.6502205875 0.5488071890625 0.6502205875 0.5488071890625 0.4865441171875
56 0.809852940625 0.6418382359375 0.7300490203125001 0.6418382359375 0.7300490203125001 0.7434068625 0.809852940625 0.7434068625 0.809852940625 0.6418382359375
19 0.7947303921875 0.596188725 0.7504656859375001 0.596188725 0.7504656859375001 0.68454656875 0.7947303921875 0.68454656875 0.7947303921875 0.596188725
19 0.7831372546875001 0.5134681375000001 0.7140522875 0.5134681375000001 0.7140522875 0.57295343125 0.7831372546875001 0.57295343125 0.7831372546875001 0.5134681375000001
62 0.5291013078125 0.20863970625 0.49040849687500004 0.20863970625 0.49040849687500004 0.27988970625 0.5291013078125 0.27988970625 0.5291013078125 0.20863970625
62 0.59853758125 0.343443628125 0.549632353125 0.343443628125 0.549632353125 0.4417524515625 0.59853758125 0.4417524515625 0.59853758125 0.343443628125
62 0.59853758125 0.354178921875 0.5618872546875 0.354178921875 0.5618872546875 0.4294975484375 0.59853758125 0.4294975484375 0.59853758125 0.354178921875
62 0.502957515625 0.44117647031249996 0.4546568625 0.44117647031249996 0.4546568625 0.5570098046874999 0.502957515625 0.5570098046874999 0.502957515625 0.44117647031249996
56 0.562908496875 0.704975490625 0.440882353125 0.704975490625 0.440882353125 0.7961519609375001 0.562908496875 0.7961519609375001 0.562908496875 0.704975490625
62 0.5037826796875 0.654399509375 0.46180555625 0.654399509375 0.46180555625 0.728688725 0.5037826796875 0.728688725 0.5037826796875 0.654399509375
56 0.4302696078125 0.43993872500000003 0.37806372499999996 0.43993872500000003 0.37806372499999996 0.6514338234375 0.4302696078125 0.6514338234375 0.4302696078125 0.43993872500000003
62 0.43516339843749996 0.472132353125 0.4148366015625 0.472132353125 0.4148366015625 0.55948529375 0.43516339843749996 0.55948529375 0.43516339843749996 0.472132353125
62 0.56258986875 0.6344975484375001 0.5261356203124999 0.6344975484375001 0.5261356203124999 0.7090808828124999 0.56258986875 0.7090808828124999 0.56258986875 0.6344975484375001
62 0.722696078125 0.6191911765625 0.6834150328125 0.6191911765625 0.6834150328125 0.7201225484375 0.722696078125 0.7201225484375 0.722696078125 0.6191911765625
62 0.7251388890625 0.737132353125 0.6405147062500001 0.737132353125 0.6405147062500001 0.8182107843749999 0.7251388890625 0.8182107843749999 0.7251388890625 0.737132353125
62 0.7667973859375 0.465992646875 0.7354901953125 0.465992646875 0.7354901953125 0.5251348046875 0.7667973859375 0.5251348046875 0.7667973859375 0.465992646875
62 0.6777696078125001 0.42555147031249996 0.6160212421875 0.42555147031249996 0.6160212421875 0.500625 0.6777696078125001 0.500625 0.6777696078125001 0.42555147031249996
56 0.74366013125 0.5334068624999999 0.604248365625 0.5334068624999999 0.604248365625 0.6551225484375001 0.74366013125 0.6551225484375001 0.74366013125 0.5334068624999999
62 0.696699346875 0.5027696078125 0.6467320265625001 0.5027696078125 0.6467320265625001 0.5717401953125 0.696699346875 0.5717401953125 0.696699346875 0.5027696078125
56 0.7194281046875 0.303602940625 0.642565359375 0.303602940625 0.642565359375 0.41232843125 0.7194281046875 0.41232843125 0.7194281046875 0.303602940625
62 0.67857843125 0.28767156875 0.6288725484375 0.28767156875 0.6288725484375 0.337524509375 0.67857843125 0.337524509375 0.67857843125 0.28767156875
56 0.6614379078125 0.1841299015625 0.5414705875 0.1841299015625 0.5414705875 0.277438725 0.6614379078125 0.277438725 0.6614379078125 0.1841299015625
56 0.49346405156250006 0.3342524515625 0.40411764687499996 0.3342524515625 0.40411764687499996 0.46506127499999994 0.49346405156250006 0.46506127499999994 0.49346405156250006 0.3342524515625
56 0.6148774515625 0.537977940625 0.540449346875 0.537977940625 0.540449346875 0.6502083328125 0.6148774515625 0.6502083328125 0.6148774515625 0.537977940625
56 0.60180555625 0.502757353125 0.533292484375 0.502757353125 0.533292484375 0.6563602937499999 0.60180555625 0.6563602937499999 0.60180555625 0.502757353125
56 0.4670179734375 0.6093627453125 0.4129820265625 0.6093627453125 0.4129820265625 0.7483333328125 0.4670179734375 0.7483333328125 0.4670179734375 0.6093627453125
56 0.6866911765625 0.61704656875 0.6197794125 0.61704656875 0.6197794125 0.7900122546875 0.6866911765625 0.7900122546875 0.6866911765625 0.61704656875
56 0.4923366015625 0.2760416671875 0.437696078125 0.2760416671875 0.437696078125 0.35591911718749997 0.4923366015625 0.35591911718749997 0.4923366015625 0.2760416671875
56 0.6099673203125 0.23189950937499998 0.5369607843749999 0.23189950937499998 0.5369607843749999 0.3399632359375 0.6099673203125 0.3399632359375 0.6099673203125 0.23189950937499998
56 0.8182598046875 0.3924632359375 0.7763480390625 0.3924632359375 0.7763480390625 0.6134191171875 0.8182598046875 0.6134191171875 0.8182598046875 0.3924632359375
19 0.7341339875 0.2254901953125 0.6548202609375 0.2254901953125 0.6548202609375 0.30073529374999997 0.7341339875 0.30073529374999997 0.7341339875 0.2254901953125
56 0.5421650328125 0.31738970625 0.49244281093750003 0.31738970625 0.49244281093750003 0.406188725 0.5421650328125 0.406188725 0.5421650328125 0.31738970625