43 0.8947488031249999 0.3515415328125 0.1004665078125 0.3515415328125 0.1004665078125 0.7665734828125 0.8947488031249999 0.7665734828125 0.8947488031249999 0.3515415328125
62 0.5636483250000001 0.672947284375 0.2934330140625 0.672947284375 0.2934330140625 0.7691613421875 0.5636483250000001 0.7691613421875 0.5636483250000001 0.672947284375
62 0.8300358859375001 0.5970127796875 0.6379545453125 0.5970127796875 0.6379545453125 0.75375399375 0.8300358859375001 0.75375399375 0.8300358859375001 0.5970127796875
62 0.2228588515625 0.534984025 0.130059809375 0.534984025 0.130059809375 0.6596166140624999 0.2228588515625 0.6596166140624999 0.2228588515625 0.534984025
56 0.87240430625 0.3606549515625 0.168504784375 0.3606549515625 0.168504784375 0.702412140625 0.87240430625 0.702412140625 0.87240430625 0.3606549515625
62 0.677655503125 0.574017571875 0.45200956875 0.574017571875 0.45200956875 0.6440654953125 0.677655503125 0.6440654953125 0.677655503125 0.574017571875
19 0.6169856453125 0.4019888171875 0.317655503125 0.4019888171875 0.317655503125 0.5285543125000001 0.6169856453125 0.5285543125000001 0.6169856453125 0.4019888171875
62 0.439366028125 0.360638978125 0.38312200937499996 0.360638978125 0.38312200937499996 0.3865814703125 0.439366028125 0.3865814703125 0.439366028125 0.360638978125
19 0.8852153109374999 0.468674121875 0.767559809375 0.468674121875 0.767559809375 0.6245207671874999 0.8852153109374999 0.6245207671874999 0.8852153109374999 0.468674121875
19 0.184413875 0.4900559109375 0.1012320578125 0.4900559109375 0.1012320578125 0.5560463265625 0.184413875 0.5560463265625 0.184413875 0.4900559109375
19 0.2958851671875 0.6654712453125 0.158899521875 0.6654712453125 0.158899521875 0.7375 0.2958851671875 0.7375 0.2958851671875 0.6654712453125
19 0.6153827749999999 0.675015975 0.526483253125 0.675015975 0.526483253125 0.7125239609375 0.6153827749999999 0.7125239609375 0.6153827749999999 0.675015975
19 0.5016507171875 0.6724440890625 0.39452153125 0.6724440890625 0.39452153125 0.7253514375 0.5016507171875 0.7253514375 0.5016507171875 0.6724440890625
19 0.7288995218750001 0.52428115 0.6137799046875 0.52428115 0.6137799046875 0.6065495203125 0.7288995218750001 0.6065495203125 0.7288995218750001 0.52428115
19 0.49444976093750004 0.5627955265625 0.3350717703125 0.5627955265625 0.3350717703125 0.677587859375 0.49444976093750004 0.677587859375 0.49444976093750004 0.5627955265625
19 0.7109808609375 0.41305910468749996 0.6009808609375 0.41305910468749996 0.6009808609375 0.44821885000000006 0.7109808609375 0.44821885000000006 0.7109808609375 0.41305910468749996