43 0.9979820265624999 0.036102940625 0.3137173203125 0.036102940625 0.3137173203125 0.8442401953124999 0.9979820265624999 0.8442401953124999 0.9979820265624999 0.036102940625
19 0.9316748359375 0.045024509375 0.6498611109375 0.045024509375 0.6498611109375 0.35375 0.9316748359375 0.35375 0.9316748359375 0.045024509375
19 0.7354003265625 0.4973406859375 0.7058741828125 0.4973406859375 0.7058741828125 0.607022059375 0.7354003265625 0.607022059375 0.7354003265625 0.4973406859375
19 0.8720424843749999 0.490649509375 0.802434640625 0.490649509375 0.802434640625 0.6230759796875 0.8720424843749999 0.6230759796875 0.8720424843749999 0.490649509375
19 0.9777859484375 0.5307598046875001 0.937606209375 0.5307598046875001 0.937606209375 0.6177205875 0.9777859484375 0.6177205875 0.9777859484375 0.5307598046875001
56 0.59638071875 0.5084681375 0.444436275 0.5084681375 0.444436275 0.6391299015625 0.59638071875 0.6391299015625 0.59638071875 0.5084681375
19 0.60232843125 0.46169117656249997 0.545449346875 0.46169117656249997 0.545449346875 0.533897059375 0.60232843125 0.533897059375 0.60232843125 0.46169117656249997
62 0.685498365625 0.486188725 0.5751552281250001 0.486188725 0.5751552281250001 0.60523284375 0.685498365625 0.60523284375 0.685498365625 0.486188725
19 0.68194444375 0.47950980468750004 0.628643790625 0.47950980468750004 0.628643790625 0.5463725484374999 0.68194444375 0.5463725484374999 0.68194444375 0.47950980468750004
62 0.44073529375 0.3703308828125 0.31521241875 0.3703308828125 0.31521241875 0.542806371875 0.44073529375 0.542806371875 0.44073529375 0.3703308828125
62 0.4288643796875 0.5530269609375 0.355318628125 0.5530269609375 0.355318628125 0.71761029375 0.4288643796875 0.71761029375 0.4288643796875 0.5530269609375
62 0.544117646875 0.63101715625 0.48307189531250005 0.63101715625 0.48307189531250005 0.755061275 0.544117646875 0.755061275 0.544117646875 0.63101715625
62 0.7068872546875 0.3212867640625 0.5989297390625 0.3212867640625 0.5989297390625 0.448272059375 0.7068872546875 0.448272059375 0.7068872546875 0.3212867640625
62 0.6510457515625 0.2500122546875 0.5514052281249999 0.2500122546875 0.5514052281249999 0.3501838234375 0.6510457515625 0.3501838234375 0.6510457515625 0.2500122546875
56 0.9777859484375 0.65107843125 0.65982843125 0.65107843125 0.65982843125 0.781813725 0.9777859484375 0.781813725 0.9777859484375 0.65107843125
62 0.86254085 0.6243382359375 0.7979820265625001 0.6243382359375 0.7979820265625001 0.6872794125 0.86254085 0.6872794125 0.86254085 0.6243382359375
62 0.7710457515625 0.754460784375 0.5490196078125 0.754460784375 0.5490196078125 0.8638725484374999 0.7710457515625 0.8638725484374999 0.7710457515625 0.754460784375
56 0.57974673125 0.31238970625 0.46375 0.31238970625 0.46375 0.4821691171875 0.57974673125 0.4821691171875 0.57974673125 0.31238970625
56 0.7698611109375 0.63323529375 0.6048774515625001 0.63323529375 0.6048774515625001 0.79607843125 0.7698611109375 0.79607843125 0.7698611109375 0.63323529375
56 0.9338235296875 0.383688725 0.8009477125 0.383688725 0.8009477125 0.5035661765625 0.9338235296875 0.5035661765625 0.9338235296875 0.383688725