2 0.944605978125 0.2817507640625 0.07952445625 0.2817507640625 0.07952445625 0.8332951078124999 0.944605978125 0.8332951078124999 0.944605978125 0.2817507640625
1 0.67313179375 0.3076834859375 0.432574728125 0.3076834859375 0.432574728125 0.398906728125 0.67313179375 0.398906728125 0.67313179375 0.3076834859375
19 0.7061413046875 0.45541284375 0.4051086953125 0.45541284375 0.4051086953125 0.624480121875 0.7061413046875 0.624480121875 0.7061413046875 0.45541284375
1 0.8245040765624999 0.2944954125 0.704300271875 0.2944954125 0.704300271875 0.397385321875 0.8245040765624999 0.397385321875 0.8245040765624999 0.2944954125
1 0.9447961953125 0.387454128125 0.835095109375 0.387454128125 0.835095109375 0.5539831796875 0.9447961953125 0.5539831796875 0.9447961953125 0.387454128125
1 0.8918546203125001 0.515619265625 0.768036684375 0.515619265625 0.768036684375 0.609854740625 0.8918546203125001 0.609854740625 0.8918546203125001 0.515619265625
1 0.8245108703125 0.3801643734375 0.6888586953125 0.3801643734375 0.6888586953125 0.51561544375 0.8245108703125 0.51561544375 0.8245108703125 0.3801643734375
21 0.487425271875 0.31188073437499997 0.27404212031249997 0.31188073437499997 0.27404212031249997 0.45103975468749996 0.487425271875 0.45103975468749996 0.487425271875 0.31188073437499997
1 0.2950543484375 0.44472859375 0.1173913046875 0.44472859375 0.1173913046875 0.5454243125 0.2950543484375 0.5454243125 0.2950543484375 0.44472859375
1 0.30211277187499996 0.5701223234375 0.0975339671875 0.5701223234375 0.0975339671875 0.66762996875 0.30211277187499996 0.66762996875 0.30211277187499996 0.5701223234375
1 0.52999320625 0.744128440625 0.176800271875 0.744128440625 0.176800271875 0.839541284375 0.52999320625 0.839541284375 0.52999320625 0.744128440625
1 0.3038654890625 0.6495833328125 0.1637160328125 0.6495833328125 0.1637160328125 0.7431383796875 0.3038654890625 0.7431383796875 0.3038654890625 0.6495833328125
1 0.6050135875 0.59410168125 0.2685733703125 0.59410168125 0.2685733703125 0.7389717124999999 0.6050135875 0.7389717124999999 0.6050135875 0.59410168125
1 0.5033016296875 0.5614334859375 0.2740353265625 0.5614334859375 0.2740353265625 0.6586888375 0.5033016296875 0.6586888375 0.5033016296875 0.5614334859375
1 0.8058016296874999 0.6843425078125 0.5368342390625 0.6843425078125 0.5368342390625 0.78088685 0.8058016296874999 0.78088685 0.8058016296874999 0.6843425078125
1 0.7274456515625001 0.387614678125 0.5101358703125001 0.387614678125 0.5101358703125001 0.4907798171875 0.7274456515625001 0.4907798171875 0.7274456515625001 0.387614678125
1 0.41329483749999996 0.46458715625 0.29610733749999996 0.46458715625 0.29610733749999996 0.56230886875 0.41329483749999996 0.56230886875 0.41329483749999996 0.46458715625