2 0 0 0 1 1 1 1 0 0 0
1 0.5126999999999999 0.2233416671875 0.4108333328125 0.2233416671875 0.4108333328125 0.4318583328125 0.5126999999999999 0.4318583328125 0.5126999999999999 0.2233416671875
1 0.7150000000000001 0.2524916671875 0.5160333328125 0.2524916671875 0.5160333328125 0.5135416671875 0.7150000000000001 0.5135416671875 0.7150000000000001 0.2524916671875
1 0.8254166671875 0.3483333328125 0.6393500000000001 0.3483333328125 0.6393500000000001 0.4718666671875 0.8254166671875 0.4718666671875 0.8254166671875 0.3483333328125
1 0.8962583328125 0.43166666718749996 0.7393416671875 0.43166666718749996 0.7393416671875 0.6069 0.8962583328125 0.6069 0.8962583328125 0.43166666718749996
1 0.7191666671875 0.487925 0.5827 0.487925 0.5827 0.6002416671875 0.7191666671875 0.6002416671875 0.7191666671875 0.487925
1 0.8876416671875 0.6087416671875 0.603325 0.6087416671875 0.603325 0.9069916671874999 0.8876416671875 0.9069916671874999 0.8876416671875 0.6087416671875
1 0.7043416671875 0.5920833328125 0.5212583328125 0.5920833328125 0.5212583328125 0.65025 0.7043416671875 0.65025 0.7043416671875 0.5920833328125
1 0.5962416671875 0.6619166671875 0.36772499999999997 0.6619166671875 0.36772499999999997 0.73375 0.5962416671875 0.73375 0.5962416671875 0.6619166671875
1 0.5493583328125 0.5941666671875 0.367075 0.5941666671875 0.367075 0.6819333328125 0.5493583328125 0.6819333328125 0.5493583328125 0.5941666671875
1 0.6545833328125 0.9153333328125 0.43605 0.9153333328125 0.43605 0.9816666671875 0.6545833328125 0.9816666671875 0.6545833328125 0.9153333328125
1 0.5060416671875 0.7879166671875 0.3212583328125 0.7879166671875 0.3212583328125 0.8586499999999999 0.5060416671875 0.8586499999999999 0.5060416671875 0.7879166671875
1 0.43166666718749996 0.9003249999999999 0.3077333328125 0.9003249999999999 0.3077333328125 0.954575 0.43166666718749996 0.954575 0.43166666718749996 0.9003249999999999
1 0.3327333328125 0.7129166671875 0.20249999999999999 0.7129166671875 0.20249999999999999 0.8853166671875 0.3327333328125 0.8853166671875 0.3327333328125 0.7129166671875
21 0.2524916671875 0.6852666671875001 0.062775 0.6852666671875001 0.062775 0.8858333328124999 0.2524916671875 0.8858333328124999 0.2524916671875 0.6852666671875001
1 0.239575 0.6385833328125 0.1460916671875 0.6385833328125 0.1460916671875 0.7295833328125 0.239575 0.7295833328125 0.239575 0.6385833328125
1 0.1261 0.48790833281249996 0.0441666671875 0.48790833281249996 0.0441666671875 0.6785916671875001 0.1261 0.6785916671875001 0.1261 0.48790833281249996
1 0.2977416671875 0.125425 0.1462583328125 0.125425 0.1462583328125 0.3685083328125 0.2977416671875 0.3685083328125 0.2977416671875 0.125425
1 0.4920916671875 0.0212416671875 0.3044083328125 0.0212416671875 0.3044083328125 0.23512499999999997 0.4920916671875 0.23512499999999997 0.4920916671875 0.0212416671875
21 0.449375 0.2525 0.22459166718749998 0.2525 0.22459166718749998 0.4935333328125 0.449375 0.4935333328125 0.449375 0.2525
21 0.3727333328125 0.48999166718750004 0.1858333328125 0.48999166718750004 0.1858333328125 0.613575 0.3727333328125 0.613575 0.3727333328125 0.48999166718750004
21 0.1760916671875 0.31709166718750004 0.0712416671875 0.31709166718750004 0.0712416671875 0.4985416671875 0.1760916671875 0.4985416671875 0.1760916671875 0.31709166718750004