2 0.7523566671874999 0.070925 0.0992033328125 0.070925 0.0992033328125 0.9569750000000001 0.7523566671874999 0.9569750000000001 0.7523566671874999 0.070925
69 0.28950333281249996 0.4424 0.1336033328125 0.4424 0.1336033328125 0.7066600000000001 0.28950333281249996 0.7066600000000001 0.28950333281249996 0.4424
69 0.3936 0.614395 0.1860533328125 0.614395 0.1860533328125 0.855505 0.3936 0.855505 0.3936 0.614395
1 0.5642866671875 0.776405 0.3857933328125 0.776405 0.3857933328125 0.931315 0.5642866671875 0.931315 0.5642866671875 0.776405
19 0.5109833328125 0.74134 0.4725633328125 0.74134 0.4725633328125 0.7730400000000001 0.5109833328125 0.7730400000000001 0.5109833328125 0.74134
19 0.4692833328125 0.75457 0.42765000000000003 0.75457 0.42765000000000003 0.8269500000000001 0.4692833328125 0.8269500000000001 0.4692833328125 0.75457
19 0.5431466671875 0.73934 0.5116266671874999 0.73934 0.5116266671874999 0.7593799999999999 0.5431466671875 0.7593799999999999 0.5431466671875 0.73934
1 0.54478 0.574725 0.40063333281249996 0.574725 0.40063333281249996 0.749255 0.54478 0.749255 0.54478 0.574725
1 0.6917066671875001 0.64203 0.54776 0.64203 0.54776 0.72919 0.6917066671875001 0.72919 0.6917066671875001 0.64203
19 0.5928733328125 0.59012 0.57514 0.59012 0.57514 0.61622 0.5928733328125 0.61622 0.5928733328125 0.59012
19 0.5391366671875 0.55835 0.5154766671875 0.55835 0.5154766671875 0.57531 0.5391366671875 0.57531 0.5391366671875 0.55835
19 0.6938266671875 0.667945 0.6674666671875 0.667945 0.6674666671875 0.722975 0.6938266671875 0.722975 0.6938266671875 0.667945
19 0.58084 0.669065 0.5629466671875 0.669065 0.5629466671875 0.693215 0.58084 0.693215 0.58084 0.669065
1 0.6248199999999999 0.7494799999999999 0.5713666671875 0.7494799999999999 0.5713666671875 0.8369 0.6248199999999999 0.8369 0.6248199999999999 0.7494799999999999
19 0.5854066671875 0.73411 0.5656066671875 0.73411 0.5656066671875 0.77015 0.5854066671875 0.77015 0.5854066671875 0.73411
19 0.4958233328125 0.682535 0.44619 0.682535 0.44619 0.7160650000000001 0.4958233328125 0.7160650000000001 0.4958233328125 0.682535
19 0.39958333281249997 0.58915 0.3833233328125 0.58915 0.3833233328125 0.62463 0.39958333281249997 0.62463 0.39958333281249997 0.58915
1 0.44311666718750004 0.395725 0.3631633328125 0.395725 0.3631633328125 0.584175 0.44311666718750004 0.584175 0.44311666718750004 0.395725
19 0.4100033328125 0.45621 0.3659966671875 0.45621 0.3659966671875 0.54487 0.4100033328125 0.54487 0.4100033328125 0.45621
1 0.5674333328125 0.46064999999999995 0.46841999999999995 0.46064999999999995 0.46841999999999995 0.55111 0.5674333328125 0.55111 0.5674333328125 0.46064999999999995
19 0.5744933328124999 0.40327 0.5439466671875001 0.40327 0.5439466671875001 0.44284999999999997 0.5744933328124999 0.44284999999999997 0.5744933328124999 0.40327
19 0.6027199999999999 0.47305 0.5904666671875 0.47305 0.5904666671875 0.5054299999999999 0.6027199999999999 0.5054299999999999 0.6027199999999999 0.47305
19 0.6052933328125001 0.531995 0.5888666671875 0.531995 0.5888666671875 0.561265 0.6052933328125001 0.561265 0.6052933328125001 0.531995
19 0.6329733328125 0.475585 0.6123466671875 0.475585 0.6123466671875 0.516355 0.6329733328125 0.516355 0.6329733328125 0.475585
19 0.6674666671875 0.456335 0.6553333328125001 0.456335 0.6553333328125001 0.493505 0.6674666671875 0.493505 0.6674666671875 0.456335
1 0.7389533328125 0.308675 0.6553133328125 0.308675 0.6553133328125 0.468465 0.7389533328125 0.468465 0.7389533328125 0.308675
19 0.7143533328125 0.390035 0.6907266671875 0.390035 0.6907266671875 0.420705 0.7143533328125 0.420705 0.7143533328125 0.390035
19 0.7284666671875 0.355145 0.7099733328125 0.355145 0.7099733328125 0.382195 0.7284666671875 0.382195 0.7284666671875 0.355145
19 0.7496366671875 0.39364499999999997 0.7364433328125 0.39364499999999997 0.7364433328125 0.422635 0.7496366671875 0.422635 0.7496366671875 0.39364499999999997
1 0.72515 0.565285 0.6791566671875 0.565285 0.6791566671875 0.7468950000000001 0.72515 0.7468950000000001 0.72515 0.565285
19 0.7540899999999999 0.5314300000000001 0.73039 0.5314300000000001 0.73039 0.55967 0.7540899999999999 0.55967 0.7540899999999999 0.5314300000000001
19 0.7003466671874999 0.522755 0.6803466671875 0.522755 0.6803466671875 0.535605 0.7003466671874999 0.535605 0.7003466671874999 0.522755
19 0.6361866671875 0.5968950000000001 0.5988800000000001 0.5968950000000001 0.5988800000000001 0.634265 0.6361866671875 0.634265 0.6361866671875 0.5968950000000001
19 0.6137266671875 0.426485 0.5802733328125 0.426485 0.5802733328125 0.43815499999999996 0.6137266671875 0.43815499999999996 0.6137266671875 0.426485
1 0.6435066671875 0.224045 0.5572 0.224045 0.5572 0.411955 0.6435066671875 0.411955 0.6435066671875 0.224045
19 0.63939 0.40337500000000004 0.6219699999999999 0.40337500000000004 0.6219699999999999 0.41770500000000005 0.63939 0.41770500000000005 0.63939 0.40337500000000004
19 0.61453 0.321545 0.5854033328125 0.321545 0.5854033328125 0.358755 0.61453 0.358755 0.61453 0.321545
19 0.6249566671875 0.23971499999999998 0.6027233328125 0.23971499999999998 0.6027233328125 0.273825 0.6249566671875 0.273825 0.6249566671875 0.23971499999999998
19 0.6072133328125 0.202355 0.5912666671875 0.202355 0.5912666671875 0.22430500000000003 0.6072133328125 0.22430500000000003 0.6072133328125 0.202355
19 0.5783466671874999 0.16145 0.5591866671875 0.16145 0.5591866671875 0.19831000000000001 0.5783466671874999 0.19831000000000001 0.5783466671874999 0.16145
19 0.6181166671875 0.171075 0.5968833328125001 0.171075 0.5968833328125001 0.194465 0.6181166671875 0.194465 0.6181166671875 0.171075
19 0.5526866671875 0.24808 0.5303133328125 0.24808 0.5303133328125 0.28304 0.5526866671875 0.28304 0.5526866671875 0.24808
19 0.57257 0.2565 0.5559766671874999 0.2565 0.5559766671874999 0.2763 0.57257 0.2763 0.57257 0.2565
1 0.5690033328124999 0.075545 0.45660999999999996 0.075545 0.45660999999999996 0.23939499999999997 0.5690033328124999 0.23939499999999997 0.5690033328124999 0.075545
19 0.5246966671875 0.19735 0.4994366671875 0.19735 0.4994366671875 0.23123 0.5246966671875 0.23123 0.5246966671875 0.19735
19 0.46935666718749997 0.15306999999999998 0.4346433328125 0.15306999999999998 0.4346433328125 0.18191 0.46935666718749997 0.18191 0.46935666718749997 0.15306999999999998
1 0.38186 0.162595 0.23698000000000002 0.162595 0.23698000000000002 0.255925 0.38186 0.255925 0.38186 0.162595
1 0.4162833328125 0.181785 0.2999166671875 0.181785 0.2999166671875 0.329135 0.4162833328125 0.329135 0.4162833328125 0.181785
19 0.3482466671875 0.19543 0.3307133328125 0.19543 0.3307133328125 0.23605 0.3482466671875 0.23605 0.3482466671875 0.19543
19 0.37632 0.17809999999999998 0.35573333281249997 0.17809999999999998 0.35573333281249997 0.21198 0.37632 0.21198 0.37632 0.17809999999999998
19 0.39551 0.15182500000000002 0.3691033328125 0.15182500000000002 0.3691033328125 0.19253499999999998 0.39551 0.19253499999999998 0.39551 0.15182500000000002
19 0.2909433328125 0.255285 0.2560166671875 0.255285 0.2560166671875 0.33213499999999996 0.2909433328125 0.33213499999999996 0.2909433328125 0.255285
19 0.3390566671875 0.26371500000000003 0.31537000000000004 0.26371500000000003 0.31537000000000004 0.292665 0.3390566671875 0.292665 0.3390566671875 0.26371500000000003
1 0.48022 0.27769 0.35263333281250003 0.27769 0.35263333281250003 0.37873 0.48022 0.37873 0.48022 0.27769
19 0.39679000000000003 0.24325999999999998 0.3699033328125 0.24325999999999998 0.3699033328125 0.258 0.39679000000000003 0.258 0.39679000000000003 0.24325999999999998
19 0.4237333328125 0.27285 0.35546666718750003 0.27285 0.35546666718750003 0.33791000000000004 0.4237333328125 0.33791000000000004 0.4237333328125 0.27285
19 0.4878933328125 0.26732 0.4319866671875 0.26732 0.4319866671875 0.3254 0.4878933328125 0.3254 0.4878933328125 0.26732
19 0.37947000000000003 0.41049499999999994 0.3394233328125 0.41049499999999994 0.3394233328125 0.453445 0.37947000000000003 0.453445 0.37947000000000003 0.41049499999999994
1 0.33926 0.352935 0.2766066671875 0.352935 0.2766066671875 0.548745 0.33926 0.548745 0.33926 0.352935
19 0.34483 0.380415 0.32659666718749997 0.380415 0.32659666718749997 0.398565 0.34483 0.398565 0.34483 0.380415
19 0.45452333281249996 0.38763000000000003 0.41001000000000004 0.38763000000000003 0.41001000000000004 0.41539000000000004 0.45452333281249996 0.41539000000000004 0.45452333281249996 0.38763000000000003
19 0.4712033328125 0.356345 0.45251666718749994 0.356345 0.45251666718749994 0.37687499999999996 0.4712033328125 0.37687499999999996 0.4712033328125 0.356345
19 0.2838733328125 0.42011000000000004 0.2688466671875 0.42011000000000004 0.2688466671875 0.45967 0.2838733328125 0.45967 0.2838733328125 0.42011000000000004
19 0.27526 0.33355 0.2511533328125 0.33355 0.2511533328125 0.37199 0.27526 0.37199 0.27526 0.33355
19 0.43045333281250003 0.8472099999999999 0.41161333281249995 0.8472099999999999 0.41161333281249995 0.89097 0.43045333281250003 0.89097 0.43045333281250003 0.8472099999999999
1 0.1606566671875 0.38392499999999996 0.1083966671875 0.38392499999999996 0.1083966671875 0.521595 0.1606566671875 0.521595 0.1606566671875 0.38392499999999996
19 0.1840966671875 0.380415 0.16136999999999999 0.380415 0.16136999999999999 0.40478500000000006 0.1840966671875 0.40478500000000006 0.1840966671875 0.380415
1 0.2535 0.246705 0.1329933328125 0.246705 0.1329933328125 0.361015 0.2535 0.361015 0.2535 0.246705
1 0.2244733328125 0.3185 0.1740333328125 0.3185 0.1740333328125 0.44294 0.2244733328125 0.44294 0.2244733328125 0.3185
19 0.19629000000000002 0.35153500000000004 0.16859 0.35153500000000004 0.16859 0.373005 0.19629000000000002 0.373005 0.19629000000000002 0.35153500000000004
19 0.19425333281249998 0.40862999999999994 0.1815333328125 0.40862999999999994 0.1815333328125 0.43335 0.19425333281249998 0.43335 0.19425333281249998 0.40862999999999994
19 0.21029333281249998 0.3836 0.19244 0.3836 0.19244 0.40688 0.21029333281249998 0.40688 0.21029333281249998 0.3836
19 0.20308 0.327755 0.19244 0.327755 0.19244 0.347925 0.20308 0.347925 0.20308 0.327755
19 0.2322133328125 0.23484 0.21029333281249998 0.23484 0.21029333281249998 0.27 0.2322133328125 0.27 0.2322133328125 0.23484
19 0.34063666718749996 0.332285 0.2985233328125 0.332285 0.2985233328125 0.368195 0.34063666718749996 0.368195 0.34063666718749996 0.332285
19 0.5029133328125 0.42818500000000004 0.48022 0.42818500000000004 0.48022 0.46845499999999995 0.5029133328125 0.46845499999999995 0.5029133328125 0.42818500000000004
1 0.5353066671875 0.28190499999999996 0.46986666718750003 0.28190499999999996 0.46986666718750003 0.425235 0.5353066671875 0.425235 0.5353066671875 0.28190499999999996
19 0.49347333281249994 0.40310499999999994 0.47235333281249997 0.40310499999999994 0.47235333281249997 0.423595 0.49347333281249994 0.423595 0.49347333281249994 0.40310499999999994
1 0.1369266671875 0.529865 0.10322 0.529865 0.10322 0.687875 0.1369266671875 0.687875 0.1369266671875 0.529865
1 0.1929966671875 0.696345 0.1472833328125 0.696345 0.1472833328125 0.8265750000000001 0.1929966671875 0.8265750000000001 0.1929966671875 0.696345
1 0.40535333281249997 0.851655 0.25988666718750003 0.851655 0.25988666718750003 0.956105 0.40535333281249997 0.956105 0.40535333281249997 0.851655